0	0	-11.72
0.5	0	-12.30
1	0	-12.22
1.5	0	-11.96
2	0	-12.13
2.5	0	-11.58
3	0	-11.38
3.5	0	-11.59
4	0	-11.14
4.5	0	-11.34
5	0	-11.56
5.5	0	-11.56
6	0	-11.49
6.5	0	-11.47
7	0	-10.67
7.5	0	-10.59
8	0	-10.60
8.5	0	-11.02
9	0	-10.51
9.5	0	-10.32
10	0	-10.48
10.5	0	-10.25
11	0	-10.48
11.5	0	-9.87
12	0	-10.17
12.5	0	-10.40
13	0	-10.76
13.5	0	-10.62
14	0	-10.84
14.5	0	-11.39
15	0	-10.53
15.5	0	-10.20
16	0	-9.90
16.5	0	-10.08
17	0	-10.45
17.5	0	-10.68
18	0	-10.92
18.5	0	-11.42
19	0	-11.26
19.5	0	-11.73
20	0	-12.01
20.5	0	-12.24
21	0	-12.00
21.5	0	-11.58
22	0	-11.12
22.5	0	-11.27
23	0	-11.39
23.5	0	-11.12
24	0	-11.22
24.5	0	-11.46
25	0	-11.11
25.5	0	-10.66
26	0	-10.07
26.5	0	-9.68
27	0	-9.93
27.5	0	-10.40
28	0	-10.16
28.5	0	-10.78
29	0	-10.49
29.5	0	-9.96
30	0	-9.99
30.5	0	-9.28
31	0	-9.65
31.5	0	-9.93
32	0	-9.83
32.5	0	-9.88
33	0	-10.11
33.5	0	-10.36
34	0	-10.59
34.5	0	-10.74
35	0	-10.58
35.5	0	-10.47
36	0	-10.58
36.5	0	-10.24
37	0	-10.22
37.5	0	-10.30
38	0	-10.55
38.5	0	-11.07
39	0	-10.55
39.5	0	-10.13
0	0.5	-11.64
0.5	0.5	-11.80
1	0.5	-11.83
1.5	0.5	-11.61
2	0.5	-11.75
2.5	0.5	-11.74
3	0.5	-11.50
3.5	0.5	-11.18
4	0.5	-11.20
4.5	0.5	-11.31
5	0.5	-11.68
5.5	0.5	-11.80
6	0.5	-11.24
6.5	0.5	-10.66
7	0.5	-10.79
7.5	0.5	-10.32
8	0.5	-10.23
8.5	0.5	-10.07
9	0.5	-10.20
9.5	0.5	-10.26
10	0.5	-9.62
10.5	0.5	-9.68
11	0.5	-10.08
11.5	0.5	-10.35
12	0.5	-10.21
12.5	0.5	-10.54
13	0.5	-10.68
13.5	0.5	-10.95
14	0.5	-10.35
14.5	0.5	-10.22
15	0.5	-10.16
15.5	0.5	-10.32
16	0.5	-10.26
16.5	0.5	-10.39
17	0.5	-10.39
17.5	0.5	-10.59
18	0.5	-10.42
18.5	0.5	-10.75
19	0.5	-11.24
19.5	0.5	-11.46
20	0.5	-11.39
20.5	0.5	-11.37
21	0.5	-11.12
21.5	0.5	-11.04
22	0.5	-11.13
22.5	0.5	-11.07
23	0.5	-11.02
23.5	0.5	-11.43
24	0.5	-10.56
24.5	0.5	-10.38
25	0.5	-10.56
25.5	0.5	-10.83
26	0.5	-10.32
26.5	0.5	-10.18
27	0.5	-9.66
27.5	0.5	-10.04
28	0.5	-10.49
28.5	0.5	-10.52
29	0.5	-10.80
29.5	0.5	-10.49
30	0.5	-11.38
30.5	0.5	-10.75
31	0.5	-10.06
31.5	0.5	-10.18
32	0.5	-10.13
32.5	0.5	-9.73
33	0.5	-10.23
33.5	0.5	-10.32
34	0.5	-10.46
34.5	0.5	-10.86
35	0.5	-10.83
35.5	0.5	-10.95
36	0.5	-10.35
36.5	0.5	-9.97
37	0.5	-10.50
37.5	0.5	-10.56
38	0.5	-10.60
38.5	0.5	-10.65
39	0.5	-10.90
39.5	0.5	-10.79
0	1	-11.62
0.5	1	-12.15
1	1	-11.73
1.5	1	-11.69
2	1	-11.53
2.5	1	-11.28
3	1	-11.16
3.5	1	-10.96
4	1	-10.71
4.5	1	-10.71
5	1	-11.14
5.5	1	-11.36
6	1	-11.46
6.5	1	-11.06
7	1	-10.75
7.5	1	-10.81
8	1	-10.41
8.5	1	-10.23
9	1	-9.91
9.5	1	-9.83
10	1	-9.68
10.5	1	-9.53
11	1	-9.90
11.5	1	-10.03
12	1	-10.00
12.5	1	-10.82
13	1	-10.71
13.5	1	-10.40
14	1	-10.36
14.5	1	-10.75
15	1	-10.63
15.5	1	-10.21
16	1	-10.77
16.5	1	-10.73
17	1	-11.19
17.5	1	-11.19
18	1	-11.44
18.5	1	-11.49
19	1	-11.46
19.5	1	-11.08
20	1	-11.49
20.5	1	-11.44
21	1	-11.03
21.5	1	-11.36
22	1	-11.21
22.5	1	-11.49
23	1	-11.49
23.5	1	-11.54
24	1	-11.23
24.5	1	-10.98
25	1	-11.14
25.5	1	-11.33
26	1	-11.04
26.5	1	-11.24
27	1	-10.59
27.5	1	-10.61
28	1	-10.65
28.5	1	-10.75
29	1	-10.69
29.5	1	-10.66
30	1	-10.76
30.5	1	-10.92
31	1	-10.80
31.5	1	-10.43
32	1	-10.54
32.5	1	-10.08
33	1	-9.92
33.5	1	-9.78
34	1	-9.89
34.5	1	-9.66
35	1	-10.05
35.5	1	-9.57
36	1	-9.50
36.5	1	-9.10
37	1	-9.19
37.5	1	-9.67
38	1	-9.52
38.5	1	-10.48
39	1	-10.68
39.5	1	-10.11
0	1.5	-11.53
0.5	1.5	-11.45
1	1.5	-11.60
1.5	1.5	-11.32
2	1.5	-10.84
2.5	1.5	-10.82
3	1.5	-10.55
3.5	1.5	-11.04
4	1.5	-10.92
4.5	1.5	-10.93
5	1.5	-11.37
5.5	1.5	-11.02
6	1.5	-11.35
6.5	1.5	-11.41
7	1.5	-10.90
7.5	1.5	-10.39
8	1.5	-10.40
8.5	1.5	-10.58
9	1.5	-10.87
9.5	1.5	-10.48
10	1.5	-10.12
10.5	1.5	-10.13
11	1.5	-10.17
11.5	1.5	-10.22
12	1.5	-10.55
12.5	1.5	-10.39
13	1.5	-10.40
13.5	1.5	-10.69
14	1.5	-11.10
14.5	1.5	-10.95
15	1.5	-10.86
15.5	1.5	-10.90
16	1.5	-10.73
16.5	1.5	-10.80
17	1.5	-11.20
17.5	1.5	-11.41
18	1.5	-11.46
18.5	1.5	-11.76
19	1.5	-12.12
19.5	1.5	-11.86
20	1.5	-11.51
20.5	1.5	-11.52
21	1.5	-11.49
21.5	1.5	-11.57
22	1.5	-11.33
22.5	1.5	-11.58
23	1.5	-11.60
23.5	1.5	-10.81
24	1.5	-10.95
24.5	1.5	-11.26
25	1.5	-11.33
25.5	1.5	-11.51
26	1.5	-11.11
26.5	1.5	-11.08
27	1.5	-10.82
27.5	1.5	-10.84
28	1.5	-10.54
28.5	1.5	-10.90
29	1.5	-11.14
29.5	1.5	-10.57
30	1.5	-10.54
30.5	1.5	-10.76
31	1.5	-10.79
31.5	1.5	-10.41
32	1.5	-10.26
32.5	1.5	-10.13
33	1.5	-9.55
33.5	1.5	-9.45
34	1.5	-9.46
34.5	1.5	-9.25
35	1.5	-9.14
35.5	1.5	-9.02
36	1.5	-9.04
36.5	1.5	-9.15
37	1.5	-9.25
37.5	1.5	-9.32
38	1.5	-9.35
38.5	1.5	-9.82
39	1.5	-9.71
39.5	1.5	-9.44
0	2	-11.03
0.5	2	-10.98
1	2	-11.25
1.5	2	-10.89
2	2	-10.71
2.5	2	-10.84
3	2	-11.33
3.5	2	-11.25
4	2	-11.25
4.5	2	-11.21
5	2	-11.09
5.5	2	-11.53
6	2	-11.35
6.5	2	-11.11
7	2	-11.78
7.5	2	-11.93
8	2	-11.39
8.5	2	-11.61
9	2	-11.45
9.5	2	-11.11
10	2	-10.71
10.5	2	-10.51
11	2	-10.42
11.5	2	-10.42
12	2	-10.98
12.5	2	-10.89
13	2	-11.14
13.5	2	-11.58
14	2	-11.80
14.5	2	-11.18
15	2	-11.04
15.5	2	-11.07
16	2	-10.87
16.5	2	-10.85
17	2	-11.25
17.5	2	-11.25
18	2	-11.49
18.5	2	-11.70
19	2	-11.12
19.5	2	-11.22
20	2	-11.21
20.5	2	-11.09
21	2	-11.14
21.5	2	-11.61
22	2	-11.22
22.5	2	-11.46
23	2	-11.10
23.5	2	-11.10
24	2	-10.80
24.5	2	-10.87
25	2	-11.20
25.5	2	-11.48
26	2	-11.85
26.5	2	-11.74
27	2	-11.27
27.5	2	-11.01
28	2	-11.37
28.5	2	-11.43
29	2	-11.19
29.5	2	-11.14
30	2	-11.09
30.5	2	-10.90
31	2	-10.44
31.5	2	-10.47
32	2	-10.27
32.5	2	-10.18
33	2	-9.76
33.5	2	-9.75
34	2	-9.93
34.5	2	-9.44
35	2	-8.75
35.5	2	-8.69
36	2	-8.67
36.5	2	-9.08
37	2	-9.35
37.5	2	-8.63
38	2	-9.13
38.5	2	-9.14
39	2	-8.84
39.5	2	-9.16
0	2.5	-11.75
0.5	2.5	-11.66
1	2.5	-11.32
1.5	2.5	-11.34
2	2.5	-10.64
2.5	2.5	-10.86
3	2.5	-10.80
3.5	2.5	-11.08
4	2.5	-11.07
4.5	2.5	-11.20
5	2.5	-10.23
5.5	2.5	-10.70
6	2.5	-11.18
6.5	2.5	-11.59
7	2.5	-11.93
7.5	2.5	-11.76
8	2.5	-11.36
8.5	2.5	-11.29
9	2.5	-11.89
9.5	2.5	-11.82
10	2.5	-11.56
10.5	2.5	-11.55
11	2.5	-11.62
11.5	2.5	-11.48
12	2.5	-11.87
12.5	2.5	-11.98
13	2.5	-11.74
13.5	2.5	-11.97
14	2.5	-11.82
14.5	2.5	-11.66
15	2.5	-11.98
15.5	2.5	-11.42
16	2.5	-11.34
16.5	2.5	-11.36
17	2.5	-11.53
17.5	2.5	-11.89
18	2.5	-11.34
18.5	2.5	-10.90
19	2.5	-11.39
19.5	2.5	-11.22
20	2.5	-11.18
20.5	2.5	-11.05
21	2.5	-11.23
21.5	2.5	-11.21
22	2.5	-11.70
22.5	2.5	-12.04
23	2.5	-11.79
23.5	2.5	-11.62
24	2.5	-11.41
24.5	2.5	-11.22
25	2.5	-11.24
25.5	2.5	-11.34
26	2.5	-11.53
26.5	2.5	-11.54
27	2.5	-11.53
27.5	2.5	-11.35
28	2.5	-11.16
28.5	2.5	-11.14
29	2.5	-11.14
29.5	2.5	-10.83
30	2.5	-11.04
30.5	2.5	-10.68
31	2.5	-11.31
31.5	2.5	-11.18
32	2.5	-10.59
32.5	2.5	-10.53
33	2.5	-10.49
33.5	2.5	-10.26
34	2.5	-10.08
34.5	2.5	-9.29
35	2.5	-9.48
35.5	2.5	-9.28
36	2.5	-9.30
36.5	2.5	-9.49
37	2.5	-9.48
37.5	2.5	-9.05
38	2.5	-8.86
38.5	2.5	-9.11
39	2.5	-9.44
39.5	2.5	-9.14
0	3	-11.80
0.5	3	-11.61
1	3	-11.01
1.5	3	-11.17
2	3	-11.12
2.5	3	-11.03
3	3	-11.04
3.5	3	-10.88
4	3	-10.66
4.5	3	-11.10
5	3	-11.12
5.5	3	-11.22
6	3	-11.26
6.5	3	-10.65
7	3	-11.14
7.5	3	-11.33
8	3	-11.33
8.5	3	-11.19
9	3	-11.50
9.5	3	-11.51
10	3	-11.76
10.5	3	-12.08
11	3	-12.01
11.5	3	-12.14
12	3	-11.63
12.5	3	-12.00
13	3	-12.21
13.5	3	-12.59
14	3	-12.50
14.5	3	-12.49
15	3	-12.61
15.5	3	-12.72
16	3	-12.72
16.5	3	-12.53
17	3	-12.37
17.5	3	-12.55
18	3	-12.52
18.5	3	-12.17
19	3	-12.16
19.5	3	-12.08
20	3	-11.59
20.5	3	-11.37
21	3	-11.41
21.5	3	-11.58
22	3	-11.32
22.5	3	-11.97
23	3	-12.12
23.5	3	-11.80
24	3	-11.71
24.5	3	-11.46
25	3	-10.82
25.5	3	-10.69
26	3	-10.46
26.5	3	-10.69
27	3	-10.53
27.5	3	-10.91
28	3	-11.12
28.5	3	-10.81
29	3	-10.78
29.5	3	-11.36
30	3	-11.27
30.5	3	-11.39
31	3	-11.45
31.5	3	-11.36
32	3	-11.42
32.5	3	-11.36
33	3	-10.88
33.5	3	-10.57
34	3	-10.20
34.5	3	-10.53
35	3	-9.74
35.5	3	-9.79
36	3	-9.87
36.5	3	-9.64
37	3	-10.38
37.5	3	-10.19
38	3	-9.96
38.5	3	-9.83
39	3	-9.76
39.5	3	-10.17
0	3.5	-11.00
0.5	3.5	-10.84
1	3.5	-11.26
1.5	3.5	-11.15
2	3.5	-11.12
2.5	3.5	-11.54
3	3.5	-11.13
3.5	3.5	-10.42
4	3.5	-10.34
4.5	3.5	-10.39
5	3.5	-10.46
5.5	3.5	-10.61
6	3.5	-11.37
6.5	3.5	-11.63
7	3.5	-11.70
7.5	3.5	-11.87
8	3.5	-11.83
8.5	3.5	-11.56
9	3.5	-11.33
9.5	3.5	-11.38
10	3.5	-11.50
10.5	3.5	-11.36
11	3.5	-11.71
11.5	3.5	-11.96
12	3.5	-12.21
12.5	3.5	-12.02
13	3.5	-12.54
13.5	3.5	-12.64
14	3.5	-12.86
14.5	3.5	-13.19
15	3.5	-13.09
15.5	3.5	-13.37
16	3.5	-13.39
16.5	3.5	-12.68
17	3.5	-12.70
17.5	3.5	-12.75
18	3.5	-12.95
18.5	3.5	-12.33
19	3.5	-12.12
19.5	3.5	-11.89
20	3.5	-11.70
20.5	3.5	-12.14
21	3.5	-12.31
21.5	3.5	-11.97
22	3.5	-11.77
22.5	3.5	-11.87
23	3.5	-11.77
23.5	3.5	-11.75
24	3.5	-11.65
24.5	3.5	-11.64
25	3.5	-11.29
25.5	3.5	-10.95
26	3.5	-11.25
26.5	3.5	-10.81
27	3.5	-11.21
27.5	3.5	-10.83
28	3.5	-10.60
28.5	3.5	-10.25
29	3.5	-10.65
29.5	3.5	-10.75
30	3.5	-11.25
30.5	3.5	-10.94
31	3.5	-10.89
31.5	3.5	-11.07
32	3.5	-10.77
32.5	3.5	-10.60
33	3.5	-10.51
33.5	3.5	-10.05
34	3.5	-9.83
34.5	3.5	-9.63
35	3.5	-9.71
35.5	3.5	-9.44
36	3.5	-9.55
36.5	3.5	-9.89
37	3.5	-9.79
37.5	3.5	-9.85
38	3.5	-9.77
38.5	3.5	-10.12
39	3.5	-10.05
39.5	3.5	-9.88
0	4	-10.69
0.5	4	-10.49
1	4	-10.97
1.5	4	-11.00
2	4	-11.35
2.5	4	-11.25
3	4	-11.47
3.5	4	-11.63
4	4	-11.21
4.5	4	-10.95
5	4	-11.11
5.5	4	-10.93
6	4	-11.61
6.5	4	-11.75
7	4	-11.38
7.5	4	-11.96
8	4	-11.82
8.5	4	-11.55
9	4	-11.28
9.5	4	-11.42
10	4	-11.46
10.5	4	-11.70
11	4	-11.83
11.5	4	-11.62
12	4	-11.83
12.5	4	-12.36
13	4	-12.38
13.5	4	-12.44
14	4	-12.52
14.5	4	-12.84
15	4	-13.03
15.5	4	-13.31
16	4	-13.16
16.5	4	-12.73
17	4	-12.45
17.5	4	-12.55
18	4	-12.62
18.5	4	-12.50
19	4	-12.61
19.5	4	-12.44
20	4	-12.39
20.5	4	-12.13
21	4	-11.72
21.5	4	-11.31
22	4	-11.53
22.5	4	-11.78
23	4	-11.91
23.5	4	-11.44
24	4	-11.73
24.5	4	-11.62
25	4	-11.25
25.5	4	-11.13
26	4	-11.10
26.5	4	-11.12
27	4	-11.32
27.5	4	-11.47
28	4	-11.46
28.5	4	-11.05
29	4	-11.41
29.5	4	-11.03
30	4	-10.92
30.5	4	-11.00
31	4	-10.74
31.5	4	-10.77
32	4	-10.84
32.5	4	-10.79
33	4	-10.28
33.5	4	-10.27
34	4	-10.14
34.5	4	-10.32
35	4	-10.51
35.5	4	-10.07
36	4	-10.16
36.5	4	-10.26
37	4	-9.97
37.5	4	-9.89
38	4	-9.81
38.5	4	-10.05
39	4	-9.98
39.5	4	-9.99
0	4.5	-10.66
0.5	4.5	-10.59
1	4.5	-10.70
1.5	4.5	-10.79
2	4.5	-10.79
2.5	4.5	-11.14
3	4.5	-11.52
3.5	4.5	-11.50
4	4.5	-11.54
4.5	4.5	-11.57
5	4.5	-11.59
5.5	4.5	-11.43
6	4.5	-11.64
6.5	4.5	-11.99
7	4.5	-11.92
7.5	4.5	-11.82
8	4.5	-11.77
8.5	4.5	-11.97
9	4.5	-11.70
9.5	4.5	-11.70
10	4.5	-11.63
10.5	4.5	-11.76
11	4.5	-11.70
11.5	4.5	-11.36
12	4.5	-11.72
12.5	4.5	-11.73
13	4.5	-12.08
13.5	4.5	-12.58
14	4.5	-12.34
14.5	4.5	-12.43
15	4.5	-12.80
15.5	4.5	-12.71
16	4.5	-12.33
16.5	4.5	-12.39
17	4.5	-11.75
17.5	4.5	-12.22
18	4.5	-12.35
18.5	4.5	-12.03
19	4.5	-12.17
19.5	4.5	-12.28
20	4.5	-12.39
20.5	4.5	-12.12
21	4.5	-11.78
21.5	4.5	-11.47
22	4.5	-11.32
22.5	4.5	-10.70
23	4.5	-10.54
23.5	4.5	-11.16
24	4.5	-11.47
24.5	4.5	-11.61
25	4.5	-11.53
25.5	4.5	-11.22
26	4.5	-11.17
26.5	4.5	-11.57
27	4.5	-11.67
27.5	4.5	-11.83
28	4.5	-11.70
28.5	4.5	-11.34
29	4.5	-10.91
29.5	4.5	-10.88
30	4.5	-11.09
30.5	4.5	-10.60
31	4.5	-10.38
31.5	4.5	-10.07
32	4.5	-10.09
32.5	4.5	-10.24
33	4.5	-10.17
33.5	4.5	-9.98
34	4.5	-9.71
34.5	4.5	-9.56
35	4.5	-9.10
35.5	4.5	-9.26
36	4.5	-9.46
36.5	4.5	-9.73
37	4.5	-10.17
37.5	4.5	-9.98
38	4.5	-9.87
38.5	4.5	-10.23
39	4.5	-10.17
39.5	4.5	-9.72
0	5	-11.44
0.5	5	-11.37
1	5	-11.57
1.5	5	-11.26
2	5	-11.16
2.5	5	-10.95
3	5	-11.30
3.5	5	-11.05
4	5	-11.10
4.5	5	-11.22
5	5	-11.75
5.5	5	-11.64
6	5	-11.28
6.5	5	-11.55
7	5	-11.32
7.5	5	-11.34
8	5	-11.65
8.5	5	-11.63
9	5	-12.24
9.5	5	-12.33
10	5	-12.35
10.5	5	-11.86
11	5	-11.92
11.5	5	-12.02
12	5	-11.89
12.5	5	-12.00
13	5	-12.13
13.5	5	-11.97
14	5	-12.30
14.5	5	-12.18
15	5	-12.16
15.5	5	-12.02
16	5	-11.79
16.5	5	-12.28
17	5	-12.34
17.5	5	-12.42
18	5	-12.18
18.5	5	-12.09
19	5	-11.49
19.5	5	-11.33
20	5	-11.51
20.5	5	-11.59
21	5	-11.49
21.5	5	-11.40
22	5	-10.86
22.5	5	-11.44
23	5	-11.52
23.5	5	-11.91
24	5	-11.77
24.5	5	-12.05
25	5	-11.84
25.5	5	-11.12
26	5	-11.14
26.5	5	-11.20
27	5	-11.29
27.5	5	-11.05
28	5	-10.83
28.5	5	-10.56
29	5	-10.46
29.5	5	-10.62
30	5	-10.41
30.5	5	-9.82
31	5	-9.71
31.5	5	-9.90
32	5	-9.85
32.5	5	-9.69
33	5	-9.67
33.5	5	-10.06
34	5	-9.94
34.5	5	-9.78
35	5	-9.42
35.5	5	-9.99
36	5	-10.16
36.5	5	-10.35
37	5	-9.96
37.5	5	-10.56
38	5	-9.92
38.5	5	-9.50
39	5	-9.82
39.5	5	-9.43
0	5.5	-12.06
0.5	5.5	-12.51
1	5.5	-12.37
1.5	5.5	-11.42
2	5.5	-11.61
2.5	5.5	-11.25
3	5.5	-11.16
3.5	5.5	-11.42
4	5.5	-11.58
4.5	5.5	-11.10
5	5.5	-10.70
5.5	5.5	-10.72
6	5.5	-10.27
6.5	5.5	-10.22
7	5.5	-10.91
7.5	5.5	-11.05
8	5.5	-11.10
8.5	5.5	-11.47
9	5.5	-11.62
9.5	5.5	-11.49
10	5.5	-11.32
10.5	5.5	-11.03
11	5.5	-11.09
11.5	5.5	-11.55
12	5.5	-11.90
12.5	5.5	-11.56
13	5.5	-11.60
13.5	5.5	-11.45
14	5.5	-11.50
14.5	5.5	-11.65
15	5.5	-12.11
15.5	5.5	-11.97
16	5.5	-12.39
16.5	5.5	-12.68
17	5.5	-12.63
17.5	5.5	-12.42
18	5.5	-12.63
18.5	5.5	-12.08
19	5.5	-11.79
19.5	5.5	-11.59
20	5.5	-11.68
20.5	5.5	-11.88
21	5.5	-11.81
21.5	5.5	-11.62
22	5.5	-11.08
22.5	5.5	-11.39
23	5.5	-11.43
23.5	5.5	-11.17
24	5.5	-11.28
24.5	5.5	-10.96
25	5.5	-11.08
25.5	5.5	-12.10
26	5.5	-11.93
26.5	5.5	-11.79
27	5.5	-10.89
27.5	5.5	-10.68
28	5.5	-11.15
28.5	5.5	-11.14
29	5.5	-10.77
29.5	5.5	-10.86
30	5.5	-10.19
30.5	5.5	-10.41
31	5.5	-10.06
31.5	5.5	-10.12
32	5.5	-9.88
32.5	5.5	-9.64
33	5.5	-9.14
33.5	5.5	-9.64
34	5.5	-9.82
34.5	5.5	-10.03
35	5.5	-10.13
35.5	5.5	-9.99
36	5.5	-9.94
36.5	5.5	-9.87
37	5.5	-9.86
37.5	5.5	-10.11
38	5.5	-9.68
38.5	5.5	-9.56
39	5.5	-9.11
39.5	5.5	-9.32
0	6	-11.34
0.5	6	-11.52
1	6	-11.40
1.5	6	-11.35
2	6	-11.35
2.5	6	-11.27
3	6	-11.01
3.5	6	-10.92
4	6	-10.61
4.5	6	-10.70
5	6	-10.87
5.5	6	-11.04
6	6	-11.04
6.5	6	-10.62
7	6	-10.55
7.5	6	-10.82
8	6	-10.59
8.5	6	-10.58
9	6	-10.62
9.5	6	-11.04
10	6	-10.68
10.5	6	-11.22
11	6	-11.19
11.5	6	-10.66
12	6	-11.09
12.5	6	-11.27
13	6	-10.71
13.5	6	-10.61
14	6	-11.03
14.5	6	-11.77
15	6	-12.62
15.5	6	-12.33
16	6	-12.44
16.5	6	-12.76
17	6	-13.02
17.5	6	-12.74
18	6	-12.62
18.5	6	-12.54
19	6	-12.11
19.5	6	-12.08
20	6	-11.74
20.5	6	-11.06
21	6	-11.28
21.5	6	-10.94
22	6	-10.74
22.5	6	-11.22
23	6	-11.19
23.5	6	-10.86
24	6	-11.56
24.5	6	-10.85
25	6	-11.58
25.5	6	-11.38
26	6	-11.96
26.5	6	-11.40
27	6	-11.37
27.5	6	-10.55
28	6	-10.90
28.5	6	-11.30
29	6	-11.08
29.5	6	-10.62
30	6	-10.85
30.5	6	-10.47
31	6	-10.55
31.5	6	-10.43
32	6	-10.61
32.5	6	-10.40
33	6	-10.79
33.5	6	-10.61
34	6	-10.20
34.5	6	-10.20
35	6	-10.60
35.5	6	-10.71
36	6	-10.34
36.5	6	-10.27
37	6	-9.75
37.5	6	-9.67
38	6	-9.75
38.5	6	-9.80
39	6	-10.05
39.5	6	-10.24
0	6.5	-11.21
0.5	6.5	-11.22
1	6.5	-11.72
1.5	6.5	-11.69
2	6.5	-11.60
2.5	6.5	-11.60
3	6.5	-11.68
3.5	6.5	-11.45
4	6.5	-11.62
4.5	6.5	-11.46
5	6.5	-11.13
5.5	6.5	-10.94
6	6.5	-10.72
6.5	6.5	-11.12
7	6.5	-11.12
7.5	6.5	-11.24
8	6.5	-10.76
8.5	6.5	-11.02
9	6.5	-11.03
9.5	6.5	-11.15
10	6.5	-11.11
10.5	6.5	-11.26
11	6.5	-11.33
11.5	6.5	-11.00
12	6.5	-11.10
12.5	6.5	-11.04
13	6.5	-10.21
13.5	6.5	-10.25
14	6.5	-10.36
14.5	6.5	-10.89
15	6.5	-11.48
15.5	6.5	-11.78
16	6.5	-11.40
16.5	6.5	-12.10
17	6.5	-12.87
17.5	6.5	-12.81
18	6.5	-12.85
18.5	6.5	-12.99
19	6.5	-12.10
19.5	6.5	-12.17
20	6.5	-12.45
20.5	6.5	-11.85
21	6.5	-11.10
21.5	6.5	-11.15
22	6.5	-11.65
22.5	6.5	-10.71
23	6.5	-11.09
23.5	6.5	-10.82
24	6.5	-11.17
24.5	6.5	-11.59
25	6.5	-11.70
25.5	6.5	-11.50
26	6.5	-11.35
26.5	6.5	-11.42
27	6.5	-11.91
27.5	6.5	-10.96
28	6.5	-10.79
28.5	6.5	-9.58
29	6.5	-10.18
29.5	6.5	-10.81
30	6.5	-10.77
30.5	6.5	-10.87
31	6.5	-10.73
31.5	6.5	-10.62
32	6.5	-10.54
32.5	6.5	-10.49
33	6.5	-10.46
33.5	6.5	-10.19
34	6.5	-10.25
34.5	6.5	-10.06
35	6.5	-10.49
35.5	6.5	-10.35
36	6.5	-10.03
36.5	6.5	-10.18
37	6.5	-10.08
37.5	6.5	-9.69
38	6.5	-9.70
38.5	6.5	-10.04
39	6.5	-10.22
39.5	6.5	-10.44
0	7	-11.06
0.5	7	-11.13
1	7	-11.35
1.5	7	-11.58
2	7	-11.90
2.5	7	-11.59
3	7	-11.69
3.5	7	-11.62
4	7	-11.97
4.5	7	-11.95
5	7	-10.98
5.5	7	-11.03
6	7	-11.15
6.5	7	-11.18
7	7	-11.39
7.5	7	-11.39
8	7	-11.56
8.5	7	-11.34
9	7	-11.07
9.5	7	-11.30
10	7	-10.57
10.5	7	-10.70
11	7	-10.40
11.5	7	-10.28
12	7	-10.59
12.5	7	-10.59
13	7	-10.22
13.5	7	-10.26
14	7	-10.57
14.5	7	-10.50
15	7	-10.81
15.5	7	-11.03
16	7	-11.34
16.5	7	-11.39
17	7	-11.70
17.5	7	-11.82
18	7	-12.19
18.5	7	-11.19
19	7	-11.03
19.5	7	-10.74
20	7	-11.62
20.5	7	-10.69
21	7	-10.74
21.5	7	-11.10
22	7	-11.36
22.5	7	-11.18
23	7	-10.69
23.5	7	-10.64
24	7	-11.65
24.5	7	-12.01
25	7	-12.04
25.5	7	-11.07
26	7	-11.02
26.5	7	-10.77
27	7	-10.51
27.5	7	-10.63
28	7	-10.91
28.5	7	-10.85
29	7	-11.00
29.5	7	-11.07
30	7	-10.83
30.5	7	-11.39
31	7	-10.94
31.5	7	-10.39
32	7	-10.21
32.5	7	-10.06
33	7	-11.01
33.5	7	-10.02
34	7	-10.20
34.5	7	-10.61
35	7	-10.14
35.5	7	-10.02
36	7	-9.81
36.5	7	-9.78
37	7	-9.45
37.5	7	-9.53
38	7	-9.77
38.5	7	-9.44
39	7	-9.98
39.5	7	-10.11
0	7.5	-11.02
0.5	7.5	-10.85
1	7.5	-11.25
1.5	7.5	-11.34
2	7.5	-11.75
2.5	7.5	-11.96
3	7.5	-11.49
3.5	7.5	-11.43
4	7.5	-11.81
4.5	7.5	-11.09
5	7.5	-10.95
5.5	7.5	-10.71
6	7.5	-10.94
6.5	7.5	-11.03
7	7.5	-11.12
7.5	7.5	-10.89
8	7.5	-10.59
8.5	7.5	-10.67
9	7.5	-10.70
9.5	7.5	-10.73
10	7.5	-11.17
10.5	7.5	-11.26
11	7.5	-11.46
11.5	7.5	-10.66
12	7.5	-10.50
12.5	7.5	-10.55
13	7.5	-10.62
13.5	7.5	-9.91
14	7.5	-9.70
14.5	7.5	-10.03
15	7.5	-10.09
15.5	7.5	-10.03
16	7.5	-10.56
16.5	7.5	-10.88
17	7.5	-10.73
17.5	7.5	-11.21
18	7.5	-10.96
18.5	7.5	-10.50
19	7.5	-10.65
19.5	7.5	-11.98
20	7.5	-12.07
20.5	7.5	-11.09
21	7.5	-11.61
21.5	7.5	-11.46
22	7.5	-11.91
22.5	7.5	-12.62
23	7.5	-12.70
23.5	7.5	-11.86
24	7.5	-11.19
24.5	7.5	-11.50
25	7.5	-11.09
25.5	7.5	-11.08
26	7.5	-11.34
26.5	7.5	-11.10
27	7.5	-11.18
27.5	7.5	-11.19
28	7.5	-11.18
28.5	7.5	-11.19
29	7.5	-10.63
29.5	7.5	-10.75
30	7.5	-11.03
30.5	7.5	-10.82
31	7.5	-10.67
31.5	7.5	-10.39
32	7.5	-10.88
32.5	7.5	-10.44
33	7.5	-10.61
33.5	7.5	-10.09
34	7.5	-10.39
34.5	7.5	-9.91
35	7.5	-10.00
35.5	7.5	-10.03
36	7.5	-10.10
36.5	7.5	-10.01
37	7.5	-10.03
37.5	7.5	-10.45
38	7.5	-10.36
38.5	7.5	-10.15
39	7.5	-10.25
39.5	7.5	-10.29
0	8	-10.83
0.5	8	-11.58
1	8	-11.38
1.5	8	-11.58
2	8	-11.62
2.5	8	-11.23
3	8	-11.49
3.5	8	-11.61
4	8	-11.43
4.5	8	-11.55
5	8	-11.55
5.5	8	-10.97
6	8	-10.49
6.5	8	-10.20
7	8	-10.00
7.5	8	-9.91
8	8	-9.78
8.5	8	-9.45
9	8	-9.83
9.5	8	-10.10
10	8	-10.49
10.5	8	-10.10
11	8	-9.83
11.5	8	-9.69
12	8	-10.19
12.5	8	-10.25
13	8	-10.23
13.5	8	-10.04
14	8	-10.01
14.5	8	-10.06
15	8	-10.10
15.5	8	-10.18
16	8	-10.37
16.5	8	-10.62
17	8	-10.62
17.5	8	-10.82
18	8	-10.70
18.5	8	-10.55
19	8	-10.77
19.5	8	-10.97
20	8	-10.95
20.5	8	-11.97
21	8	-12.20
21.5	8	-11.05
22	8	-11.84
22.5	8	-11.53
23	8	-10.95
23.5	8	-11.04
24	8	-11.09
24.5	8	-10.56
25	8	-11.43
25.5	8	-10.52
26	8	-10.53
26.5	8	-10.63
27	8	-11.04
27.5	8	-11.24
28	8	-11.04
28.5	8	-11.24
29	8	-11.27
29.5	8	-10.69
30	8	-10.76
30.5	8	-10.67
31	8	-10.51
31.5	8	-10.23
32	8	-10.18
32.5	8	-10.95
33	8	-10.67
33.5	8	-10.82
34	8	-10.79
34.5	8	-10.48
35	8	-10.13
35.5	8	-9.91
36	8	-10.20
36.5	8	-10.56
37	8	-10.40
37.5	8	-10.52
38	8	-10.65
38.5	8	-11.23
39	8	-11.09
39.5	8	-10.78
0	8.5	-11.03
0.5	8.5	-11.13
1	8.5	-11.82
1.5	8.5	-11.53
2	8.5	-11.25
2.5	8.5	-11.29
3	8.5	-11.69
3.5	8.5	-11.46
4	8.5	-11.71
4.5	8.5	-11.48
5	8.5	-10.93
5.5	8.5	-10.32
6	8.5	-9.87
6.5	8.5	-8.97
7	8.5	-8.70
7.5	8.5	-9.10
8	8.5	-9.10
8.5	8.5	-8.82
9	8.5	-9.29
9.5	8.5	-9.33
10	8.5	-9.46
10.5	8.5	-9.51
11	8.5	-9.36
11.5	8.5	-9.82
12	8.5	-10.01
12.5	8.5	-9.59
13	8.5	-9.46
13.5	8.5	-9.35
14	8.5	-9.02
14.5	8.5	-9.53
15	8.5	-10.20
15.5	8.5	-10.05
16	8.5	-10.18
16.5	8.5	-10.53
17	8.5	-10.62
17.5	8.5	-10.82
18	8.5	-11.41
18.5	8.5	-11.42
19	8.5	-11.13
19.5	8.5	-10.51
20	8.5	-11.02
20.5	8.5	-10.97
21	8.5	-11.13
21.5	8.5	-10.66
22	8.5	-10.70
22.5	8.5	-10.86
23	8.5	-10.71
23.5	8.5	-10.57
24	8.5	-11.46
24.5	8.5	-10.82
25	8.5	-11.20
25.5	8.5	-11.27
26	8.5	-10.95
26.5	8.5	-10.63
27	8.5	-10.76
27.5	8.5	-11.37
28	8.5	-11.25
28.5	8.5	-11.29
29	8.5	-11.06
29.5	8.5	-10.56
30	8.5	-10.25
30.5	8.5	-10.66
31	8.5	-11.08
31.5	8.5	-10.49
32	8.5	-11.11
32.5	8.5	-10.58
33	8.5	-10.49
33.5	8.5	-10.29
34	8.5	-10.59
34.5	8.5	-10.54
35	8.5	-10.11
35.5	8.5	-10.16
36	8.5	-9.88
36.5	8.5	-10.63
37	8.5	-10.80
37.5	8.5	-10.91
38	8.5	-10.84
38.5	8.5	-11.01
39	8.5	-10.40
39.5	8.5	-10.59
0	9	-11.16
0.5	9	-11.20
1	9	-11.55
1.5	9	-11.33
2	9	-11.64
2.5	9	-12.13
3	9	-12.28
3.5	9	-12.32
4	9	-12.18
4.5	9	-11.87
5	9	-11.26
5.5	9	-10.87
6	9	-10.60
6.5	9	-10.10
7	9	-9.74
7.5	9	-9.59
8	9	-9.65
8.5	9	-9.87
9	9	-9.76
9.5	9	-9.96
10	9	-9.48
10.5	9	-9.76
11	9	-9.86
11.5	9	-9.71
12	9	-9.63
12.5	9	-9.24
13	9	-9.33
13.5	9	-9.22
14	9	-9.17
14.5	9	-9.21
15	9	-10.06
15.5	9	-10.31
16	9	-10.61
16.5	9	-10.73
17	9	-10.90
17.5	9	-10.66
18	9	-11.18
18.5	9	-11.60
19	9	-10.84
19.5	9	-10.94
20	9	-11.00
20.5	9	-10.76
21	9	-11.10
21.5	9	-10.73
22	9	-10.71
22.5	9	-10.85
23	9	-10.90
23.5	9	-11.30
24	9	-10.87
24.5	9	-10.60
25	9	-10.71
25.5	9	-10.81
26	9	-11.02
26.5	9	-10.83
27	9	-10.60
27.5	9	-10.53
28	9	-10.55
28.5	9	-10.04
29	9	-10.16
29.5	9	-10.40
30	9	-10.20
30.5	9	-11.44
31	9	-12.04
31.5	9	-11.07
32	9	-11.04
32.5	9	-10.93
33	9	-10.33
33.5	9	-10.30
34	9	-10.49
34.5	9	-10.26
35	9	-10.18
35.5	9	-10.49
36	9	-10.00
36.5	9	-10.39
37	9	-10.32
37.5	9	-10.51
38	9	-10.43
38.5	9	-10.87
39	9	-10.29
39.5	9	-10.19
0	9.5	-11.18
0.5	9.5	-11.00
1	9.5	-11.50
1.5	9.5	-11.39
2	9.5	-11.90
2.5	9.5	-11.87
3	9.5	-11.67
3.5	9.5	-11.80
4	9.5	-11.79
4.5	9.5	-12.10
5	9.5	-12.59
5.5	9.5	-11.66
6	9.5	-11.06
6.5	9.5	-10.86
7	9.5	-10.87
7.5	9.5	-10.67
8	9.5	-10.25
8.5	9.5	-10.07
9	9.5	-9.93
9.5	9.5	-9.68
10	9.5	-9.59
10.5	9.5	-9.90
11	9.5	-9.92
11.5	9.5	-9.41
12	9.5	-9.35
12.5	9.5	-9.42
13	9.5	-9.16
13.5	9.5	-9.40
14	9.5	-9.51
14.5	9.5	-9.33
15	9.5	-9.88
15.5	9.5	-10.23
16	9.5	-11.01
16.5	9.5	-11.10
17	9.5	-11.37
17.5	9.5	-11.03
18	9.5	-11.26
18.5	9.5	-10.77
19	9.5	-10.83
19.5	9.5	-11.41
20	9.5	-11.86
20.5	9.5	-11.38
21	9.5	-11.43
21.5	9.5	-11.07
22	9.5	-11.42
22.5	9.5	-10.97
23	9.5	-10.67
23.5	9.5	-10.71
24	9.5	-10.55
24.5	9.5	-10.78
25	9.5	-11.02
25.5	9.5	-10.87
26	9.5	-10.54
26.5	9.5	-10.34
27	9.5	-10.23
27.5	9.5	-11.02
28	9.5	-10.70
28.5	9.5	-10.43
29	9.5	-10.08
29.5	9.5	-10.26
30	9.5	-10.06
30.5	9.5	-10.84
31	9.5	-11.46
31.5	9.5	-12.21
32	9.5	-11.37
32.5	9.5	-11.45
33	9.5	-11.51
33.5	9.5	-10.61
34	9.5	-10.12
34.5	9.5	-10.13
35	9.5	-9.92
35.5	9.5	-9.93
36	9.5	-9.80
36.5	9.5	-10.40
37	9.5	-11.03
37.5	9.5	-10.54
38	9.5	-10.66
38.5	9.5	-10.66
39	9.5	-10.20
39.5	9.5	-9.94
0	10	-11.09
0.5	10	-11.01
1	10	-11.16
1.5	10	-11.55
2	10	-11.82
2.5	10	-11.39
3	10	-11.35
3.5	10	-11.59
4	10	-11.55
4.5	10	-11.56
5	10	-11.87
5.5	10	-11.30
6	10	-10.89
6.5	10	-10.90
7	10	-10.02
7.5	10	-10.01
8	10	-9.50
8.5	10	-9.24
9	10	-9.60
9.5	10	-9.65
10	10	-9.57
10.5	10	-9.39
11	10	-9.25
11.5	10	-9.07
12	10	-9.05
12.5	10	-9.02
13	10	-9.49
13.5	10	-9.34
14	10	-9.79
14.5	10	-10.03
15	10	-10.39
15.5	10	-9.79
16	10	-10.25
16.5	10	-10.57
17	10	-10.82
17.5	10	-10.72
18	10	-10.85
18.5	10	-10.35
19	10	-10.73
19.5	10	-11.31
20	10	-10.71
20.5	10	-10.79
21	10	-11.20
21.5	10	-11.83
22	10	-12.60
22.5	10	-12.53
23	10	-12.35
23.5	10	-12.54
24	10	-11.72
24.5	10	-10.73
25	10	-10.92
25.5	10	-11.01
26	10	-10.98
26.5	10	-10.55
27	10	-10.78
27.5	10	-10.80
28	10	-10.58
28.5	10	-10.53
29	10	-10.29
29.5	10	-9.98
30	10	-10.88
30.5	10	-10.23
31	10	-10.26
31.5	10	-10.70
32	10	-11.82
32.5	10	-11.65
33	10	-10.64
33.5	10	-10.80
34	10	-10.72
34.5	10	-10.51
35	10	-10.35
35.5	10	-10.44
36	10	-10.25
36.5	10	-10.21
37	10	-9.99
37.5	10	-10.39
38	10	-10.12
38.5	10	-10.17
39	10	-9.97
39.5	10	-10.13
0	10.5	-10.87
0.5	10.5	-10.74
1	10.5	-11.16
1.5	10.5	-11.86
2	10.5	-11.39
2.5	10.5	-11.27
3	10.5	-11.35
3.5	10.5	-11.23
4	10.5	-11.44
4.5	10.5	-11.88
5	10.5	-11.39
5.5	10.5	-10.94
6	10.5	-10.56
6.5	10.5	-10.08
7	10.5	-9.97
7.5	10.5	-9.32
8	10.5	-9.02
8.5	10.5	-9.19
9	10.5	-9.60
9.5	10.5	-9.29
10	10.5	-8.95
10.5	10.5	-8.54
11	10.5	-9.12
11.5	10.5	-9.48
12	10.5	-9.42
12.5	10.5	-9.36
13	10.5	-9.72
13.5	10.5	-9.08
14	10.5	-9.63
14.5	10.5	-9.92
15	10.5	-9.92
15.5	10.5	-9.82
16	10.5	-10.18
16.5	10.5	-9.92
17	10.5	-10.42
17.5	10.5	-9.99
18	10.5	-10.08
18.5	10.5	-10.83
19	10.5	-10.66
19.5	10.5	-10.38
20	10.5	-10.73
20.5	10.5	-10.73
21	10.5	-10.81
21.5	10.5	-11.27
22	10.5	-10.81
22.5	10.5	-10.75
23	10.5	-11.61
23.5	10.5	-11.80
24	10.5	-11.83
24.5	10.5	-10.30
25	10.5	-10.42
25.5	10.5	-10.75
26	10.5	-10.67
26.5	10.5	-10.89
27	10.5	-10.55
27.5	10.5	-10.49
28	10.5	-10.74
28.5	10.5	-10.83
29	10.5	-10.51
29.5	10.5	-10.27
30	10.5	-10.23
30.5	10.5	-10.76
31	10.5	-11.06
31.5	10.5	-11.75
32	10.5	-11.05
32.5	10.5	-10.66
33	10.5	-10.41
33.5	10.5	-10.56
34	10.5	-10.68
34.5	10.5	-10.54
35	10.5	-9.97
35.5	10.5	-9.85
36	10.5	-9.76
36.5	10.5	-10.08
37	10.5	-10.04
37.5	10.5	-10.04
38	10.5	-10.26
38.5	10.5	-9.69
39	10.5	-9.81
39.5	10.5	-9.74
0	11	-10.93
0.5	11	-11.85
1	11	-11.46
1.5	11	-11.16
2	11	-11.00
2.5	11	-11.13
3	11	-11.11
3.5	11	-11.17
4	11	-10.99
4.5	11	-10.93
5	11	-10.79
5.5	11	-10.72
6	11	-10.54
6.5	11	-10.17
7	11	-10.45
7.5	11	-10.31
8	11	-10.21
8.5	11	-10.03
9	11	-9.80
9.5	11	-9.40
10	11	-9.21
10.5	11	-9.01
11	11	-9.33
11.5	11	-8.91
12	11	-9.18
12.5	11	-9.79
13	11	-10.35
13.5	11	-10.05
14	11	-9.95
14.5	11	-10.08
15	11	-10.60
15.5	11	-10.50
16	11	-10.68
16.5	11	-11.10
17	11	-11.25
17.5	11	-10.84
18	11	-10.69
18.5	11	-10.39
19	11	-10.68
19.5	11	-10.70
20	11	-10.43
20.5	11	-10.65
21	11	-10.80
21.5	11	-11.10
22	11	-11.65
22.5	11	-11.19
23	11	-11.14
23.5	11	-10.67
24	11	-10.65
24.5	11	-10.24
25	11	-10.72
25.5	11	-10.72
26	11	-10.85
26.5	11	-11.00
27	11	-10.84
27.5	11	-10.47
28	11	-10.89
28.5	11	-10.92
29	11	-10.67
29.5	11	-10.49
30	11	-10.40
30.5	11	-10.07
31	11	-11.17
31.5	11	-11.65
32	11	-10.69
32.5	11	-10.41
33	11	-10.52
33.5	11	-10.46
34	11	-10.63
34.5	11	-10.02
35	11	-10.02
35.5	11	-9.74
36	11	-9.52
36.5	11	-9.79
37	11	-9.65
37.5	11	-9.68
38	11	-9.35
38.5	11	-9.15
39	11	-8.86
39.5	11	-9.27
0	11.5	-9.49
0.5	11.5	-9.41
1	11.5	-9.86
1.5	11.5	-10.18
2	11.5	-10.57
2.5	11.5	-10.17
3	11.5	-10.57
3.5	11.5	-10.62
4	11.5	-10.63
4.5	11.5	-10.75
5	11.5	-10.99
5.5	11.5	-10.65
6	11.5	-10.20
6.5	11.5	-10.24
7	11.5	-10.24
7.5	11.5	-9.92
8	11.5	-10.05
8.5	11.5	-9.87
9	11.5	-9.76
9.5	11.5	-9.70
10	11.5	-9.63
10.5	11.5	-9.70
11	11.5	-9.58
11.5	11.5	-9.02
12	11.5	-9.32
12.5	11.5	-9.59
13	11.5	-9.28
13.5	11.5	-9.22
14	11.5	-9.60
14.5	11.5	-10.00
15	11.5	-9.96
15.5	11.5	-10.34
16	11.5	-10.38
16.5	11.5	-10.28
17	11.5	-10.66
17.5	11.5	-10.68
18	11.5	-10.55
18.5	11.5	-11.03
19	11.5	-10.61
19.5	11.5	-10.63
20	11.5	-10.29
20.5	11.5	-10.45
21	11.5	-10.22
21.5	11.5	-10.23
22	11.5	-10.35
22.5	11.5	-10.59
23	11.5	-10.80
23.5	11.5	-10.65
24	11.5	-10.42
24.5	11.5	-10.65
25	11.5	-10.50
25.5	11.5	-10.27
26	11.5	-10.28
26.5	11.5	-10.47
27	11.5	-10.41
27.5	11.5	-11.11
28	11.5	-10.41
28.5	11.5	-10.54
29	11.5	-11.04
29.5	11.5	-10.95
30	11.5	-10.69
30.5	11.5	-10.77
31	11.5	-10.30
31.5	11.5	-10.43
32	11.5	-11.20
32.5	11.5	-10.54
33	11.5	-10.38
33.5	11.5	-10.42
34	11.5	-9.95
34.5	11.5	-9.42
35	11.5	-9.96
35.5	11.5	-10.13
36	11.5	-9.96
36.5	11.5	-9.57
37	11.5	-9.14
37.5	11.5	-9.10
38	11.5	-9.23
38.5	11.5	-9.33
39	11.5	-9.17
39.5	11.5	-9.10
0	12	-9.81
0.5	12	-9.66
1	12	-9.53
1.5	12	-9.61
2	12	-9.44
2.5	12	-10.08
3	12	-10.30
3.5	12	-10.02
4	12	-9.87
4.5	12	-9.91
5	12	-9.57
5.5	12	-9.99
6	12	-10.19
6.5	12	-10.00
7	12	-10.50
7.5	12	-10.62
8	12	-10.72
8.5	12	-10.36
9	12	-10.29
9.5	12	-9.87
10	12	-9.64
10.5	12	-9.80
11	12	-10.11
11.5	12	-9.89
12	12	-9.69
12.5	12	-8.96
13	12	-9.00
13.5	12	-9.23
14	12	-9.45
14.5	12	-9.52
15	12	-8.92
15.5	12	-8.96
16	12	-9.19
16.5	12	-9.35
17	12	-9.35
17.5	12	-9.51
18	12	-9.94
18.5	12	-10.11
19	12	-10.34
19.5	12	-10.14
20	12	-10.73
20.5	12	-10.80
21	12	-10.97
21.5	12	-11.05
22	12	-10.90
22.5	12	-10.44
23	12	-10.61
23.5	12	-10.49
24	12	-10.17
24.5	12	-10.24
25	12	-10.31
25.5	12	-10.20
26	12	-10.55
26.5	12	-10.68
27	12	-10.68
27.5	12	-10.34
28	12	-10.98
28.5	12	-10.61
29	12	-10.58
29.5	12	-10.50
30	12	-11.10
30.5	12	-10.62
31	12	-11.22
31.5	12	-10.50
32	12	-10.54
32.5	12	-11.68
33	12	-10.55
33.5	12	-10.23
34	12	-9.90
34.5	12	-9.99
35	12	-10.04
35.5	12	-9.79
36	12	-9.10
36.5	12	-8.97
37	12	-8.69
37.5	12	-8.76
38	12	-9.43
38.5	12	-9.39
39	12	-9.08
39.5	12	-9.35
0	12.5	-8.97
0.5	12.5	-9.07
1	12.5	-9.24
1.5	12.5	-9.50
2	12.5	-9.75
2.5	12.5	-9.50
3	12.5	-9.73
3.5	12.5	-9.71
4	12.5	-9.91
4.5	12.5	-9.81
5	12.5	-9.80
5.5	12.5	-10.12
6	12.5	-10.63
6.5	12.5	-10.71
7	12.5	-10.45
7.5	12.5	-10.34
8	12.5	-10.10
8.5	12.5	-10.12
9	12.5	-10.32
9.5	12.5	-10.35
10	12.5	-10.31
10.5	12.5	-9.97
11	12.5	-9.98
11.5	12.5	-9.93
12	12.5	-9.88
12.5	12.5	-9.60
13	12.5	-9.28
13.5	12.5	-9.64
14	12.5	-9.59
14.5	12.5	-9.43
15	12.5	-9.43
15.5	12.5	-9.06
16	12.5	-9.15
16.5	12.5	-8.88
17	12.5	-9.28
17.5	12.5	-9.10
18	12.5	-9.48
18.5	12.5	-9.51
19	12.5	-10.04
19.5	12.5	-10.19
20	12.5	-10.03
20.5	12.5	-10.46
21	12.5	-11.61
21.5	12.5	-11.71
22	12.5	-10.11
22.5	12.5	-10.32
23	12.5	-10.41
23.5	12.5	-10.58
24	12.5	-10.66
24.5	12.5	-10.92
25	12.5	-10.32
25.5	12.5	-11.13
26	12.5	-11.00
26.5	12.5	-12.21
27	12.5	-11.57
27.5	12.5	-10.99
28	12.5	-11.53
28.5	12.5	-10.59
29	12.5	-11.58
29.5	12.5	-12.05
30	12.5	-11.60
30.5	12.5	-11.44
31	12.5	-10.92
31.5	12.5	-11.40
32	12.5	-11.46
32.5	12.5	-10.46
33	12.5	-10.45
33.5	12.5	-10.56
34	12.5	-9.89
34.5	12.5	-9.86
35	12.5	-10.00
35.5	12.5	-9.50
36	12.5	-9.32
36.5	12.5	-8.98
37	12.5	-8.87
37.5	12.5	-9.10
38	12.5	-9.37
38.5	12.5	-10.03
39	12.5	-10.24
39.5	12.5	-10.32
0	13	-8.79
0.5	13	-8.56
1	13	-8.32
1.5	13	-8.62
2	13	-8.77
2.5	13	-9.14
3	13	-9.05
3.5	13	-8.86
4	13	-8.94
4.5	13	-9.23
5	13	-9.34
5.5	13	-9.47
6	13	-9.52
6.5	13	-9.70
7	13	-9.85
7.5	13	-10.24
8	13	-10.41
8.5	13	-10.28
9	13	-10.15
9.5	13	-9.95
10	13	-9.58
10.5	13	-9.30
11	13	-9.14
11.5	13	-9.38
12	13	-9.60
12.5	13	-9.62
13	13	-9.99
13.5	13	-9.73
14	13	-9.56
14.5	13	-9.27
15	13	-9.17
15.5	13	-9.41
16	13	-9.63
16.5	13	-9.18
17	13	-9.07
17.5	13	-9.82
18	13	-9.73
18.5	13	-9.77
19	13	-9.79
19.5	13	-10.15
20	13	-10.31
20.5	13	-10.82
21	13	-10.76
21.5	13	-10.41
22	13	-10.49
22.5	13	-11.54
23	13	-10.41
23.5	13	-10.91
24	13	-12.31
24.5	13	-11.95
25	13	-12.13
25.5	13	-12.72
26	13	-12.84
26.5	13	-12.93
27	13	-12.00
27.5	13	-11.32
28	13	-10.04
28.5	13	-10.92
29	13	-10.29
29.5	13	-10.47
30	13	-11.47
30.5	13	-11.45
31	13	-10.96
31.5	13	-11.50
32	13	-10.37
32.5	13	-10.04
33	13	-10.19
33.5	13	-10.08
34	13	-10.72
34.5	13	-10.36
35	13	-9.53
35.5	13	-8.61
36	13	-9.05
36.5	13	-9.35
37	13	-10.09
37.5	13	-10.57
38	13	-11.13
38.5	13	-11.50
39	13	-11.54
39.5	13	-11.21
0	13.5	-8.92
0.5	13.5	-8.85
1	13.5	-8.94
1.5	13.5	-8.99
2	13.5	-8.64
2.5	13.5	-9.07
3	13.5	-8.88
3.5	13.5	-9.23
4	13.5	-9.38
4.5	13.5	-9.69
5	13.5	-9.50
5.5	13.5	-9.33
6	13.5	-9.00
6.5	13.5	-9.13
7	13.5	-9.74
7.5	13.5	-9.87
8	13.5	-9.55
8.5	13.5	-9.80
9	13.5	-9.57
9.5	13.5	-9.53
10	13.5	-9.35
10.5	13.5	-9.49
11	13.5	-9.30
11.5	13.5	-9.47
12	13.5	-9.55
12.5	13.5	-9.59
13	13.5	-9.92
13.5	13.5	-10.00
14	13.5	-9.94
14.5	13.5	-10.35
15	13.5	-10.14
15.5	13.5	-9.74
16	13.5	-9.41
16.5	13.5	-9.23
17	13.5	-9.90
17.5	13.5	-9.69
18	13.5	-9.41
18.5	13.5	-9.51
19	13.5	-9.63
19.5	13.5	-9.88
20	13.5	-10.23
20.5	13.5	-10.51
21	13.5	-10.61
21.5	13.5	-10.29
22	13.5	-10.79
22.5	13.5	-12.00
23	13.5	-10.41
23.5	13.5	-12.04
24	13.5	-12.89
24.5	13.5	-11.31
25	13.5	-11.36
25.5	13.5	-11.98
26	13.5	-11.27
26.5	13.5	-11.42
27	13.5	-12.06
27.5	13.5	-11.99
28	13.5	-12.10
28.5	13.5	-10.39
29	13.5	-10.10
29.5	13.5	-10.14
30	13.5	-10.15
30.5	13.5	-10.31
31	13.5	-10.01
31.5	13.5	-10.28
32	13.5	-10.30
32.5	13.5	-10.29
33	13.5	-10.05
33.5	13.5	-10.10
34	13.5	-9.69
34.5	13.5	-9.88
35	13.5	-9.53
35.5	13.5	-9.40
36	13.5	-9.69
36.5	13.5	-10.06
37	13.5	-10.95
37.5	13.5	-10.87
38	13.5	-11.10
38.5	13.5	-11.28
39	13.5	-10.90
39.5	13.5	-10.99
0	14	-9.57
0.5	14	-9.44
1	14	-9.55
1.5	14	-9.59
2	14	-9.63
2.5	14	-9.13
3	14	-9.27
3.5	14	-9.25
4	14	-9.57
4.5	14	-9.89
5	14	-9.75
5.5	14	-9.15
6	14	-9.16
6.5	14	-9.28
7	14	-9.32
7.5	14	-9.63
8	14	-9.02
8.5	14	-8.92
9	14	-8.77
9.5	14	-9.05
10	14	-8.97
10.5	14	-8.87
11	14	-9.05
11.5	14	-9.46
12	14	-9.73
12.5	14	-9.67
13	14	-9.61
13.5	14	-10.06
14	14	-10.36
14.5	14	-10.46
15	14	-10.51
15.5	14	-10.56
16	14	-10.52
16.5	14	-10.40
17	14	-9.80
17.5	14	-9.61
18	14	-9.46
18.5	14	-9.20
19	14	-9.49
19.5	14	-10.02
20	14	-9.83
20.5	14	-9.78
21	14	-10.17
21.5	14	-10.31
22	14	-10.18
22.5	14	-10.47
23	14	-10.82
23.5	14	-10.80
24	14	-11.34
24.5	14	-11.30
25	14	-11.95
25.5	14	-11.81
26	14	-12.73
26.5	14	-11.22
27	14	-11.47
27.5	14	-10.70
28	14	-10.68
28.5	14	-10.92
29	14	-10.46
29.5	14	-10.54
30	14	-11.44
30.5	14	-11.46
31	14	-11.58
31.5	14	-11.48
32	14	-11.71
32.5	14	-11.64
33	14	-11.39
33.5	14	-11.07
34	14	-10.95
34.5	14	-10.33
35	14	-10.25
35.5	14	-10.43
36	14	-10.47
36.5	14	-10.65
37	14	-10.76
37.5	14	-10.79
38	14	-11.17
38.5	14	-11.09
39	14	-11.01
39.5	14	-10.58
0	14.5	-10.13
0.5	14.5	-10.27
1	14.5	-10.50
1.5	14.5	-9.86
2	14.5	-9.87
2.5	14.5	-9.95
3	14.5	-9.42
3.5	14.5	-9.34
4	14.5	-9.59
4.5	14.5	-9.20
5	14.5	-9.05
5.5	14.5	-8.96
6	14.5	-8.74
6.5	14.5	-8.70
7	14.5	-8.95
7.5	14.5	-9.11
8	14.5	-8.79
8.5	14.5	-8.45
9	14.5	-8.38
9.5	14.5	-8.30
10	14.5	-8.80
10.5	14.5	-9.00
11	14.5	-8.70
11.5	14.5	-8.86
12	14.5	-9.65
12.5	14.5	-9.80
13	14.5	-9.99
13.5	14.5	-9.94
14	14.5	-9.94
14.5	14.5	-10.20
15	14.5	-10.74
15.5	14.5	-10.67
16	14.5	-10.55
16.5	14.5	-10.34
17	14.5	-10.20
17.5	14.5	-10.38
18	14.5	-10.58
18.5	14.5	-10.60
19	14.5	-10.51
19.5	14.5	-10.69
20	14.5	-10.46
20.5	14.5	-10.63
21	14.5	-10.54
21.5	14.5	-10.36
22	14.5	-10.78
22.5	14.5	-10.67
23	14.5	-10.84
23.5	14.5	-10.89
24	14.5	-10.47
24.5	14.5	-10.12
25	14.5	-10.85
25.5	14.5	-10.39
26	14.5	-10.26
26.5	14.5	-10.38
27	14.5	-10.73
27.5	14.5	-10.41
28	14.5	-10.43
28.5	14.5	-10.58
29	14.5	-10.63
29.5	14.5	-10.98
30	14.5	-10.99
30.5	14.5	-11.34
31	14.5	-11.34
31.5	14.5	-11.87
32	14.5	-12.37
32.5	14.5	-12.67
33	14.5	-12.41
33.5	14.5	-12.19
34	14.5	-11.53
34.5	14.5	-11.28
35	14.5	-10.60
35.5	14.5	-11.08
36	14.5	-11.04
36.5	14.5	-10.62
37	14.5	-10.68
37.5	14.5	-10.72
38	14.5	-10.92
38.5	14.5	-11.02
39	14.5	-10.99
39.5	14.5	-11.13
0	15	-10.20
0.5	15	-10.00
1	15	-9.32
1.5	15	-9.52
2	15	-9.46
2.5	15	-9.48
3	15	-8.82
3.5	15	-8.86
4	15	-9.11
4.5	15	-8.25
5	15	-8.64
5.5	15	-8.85
6	15	-8.62
6.5	15	-8.47
7	15	-8.63
7.5	15	-8.39
8	15	-8.44
8.5	15	-8.65
9	15	-8.43
9.5	15	-8.30
10	15	-8.34
10.5	15	-8.36
11	15	-8.27
11.5	15	-7.99
12	15	-8.48
12.5	15	-9.62
13	15	-9.87
13.5	15	-9.67
14	15	-9.29
14.5	15	-9.70
15	15	-10.21
15.5	15	-10.38
16	15	-10.94
16.5	15	-10.41
17	15	-10.13
17.5	15	-10.53
18	15	-10.46
18.5	15	-10.84
19	15	-10.79
19.5	15	-10.97
20	15	-10.93
20.5	15	-11.10
21	15	-11.17
21.5	15	-11.17
22	15	-10.70
22.5	15	-10.08
23	15	-9.90
23.5	15	-10.10
24	15	-10.39
24.5	15	-10.84
25	15	-10.58
25.5	15	-10.62
26	15	-10.48
26.5	15	-10.11
27	15	-11.13
27.5	15	-11.49
28	15	-11.33
28.5	15	-11.47
29	15	-11.91
29.5	15	-11.63
30	15	-11.55
30.5	15	-11.38
31	15	-11.77
31.5	15	-11.84
32	15	-12.00
32.5	15	-11.69
33	15	-12.10
33.5	15	-11.74
34	15	-11.59
34.5	15	-11.58
35	15	-11.16
35.5	15	-11.18
36	15	-10.98
36.5	15	-10.87
37	15	-10.96
37.5	15	-10.82
38	15	-11.10
38.5	15	-10.85
39	15	-10.86
39.5	15	-10.98
0	15.5	-10.07
0.5	15.5	-10.13
1	15.5	-10.38
1.5	15.5	-9.70
2	15.5	-9.78
2.5	15.5	-9.73
3	15.5	-9.57
3.5	15.5	-9.15
4	15.5	-9.17
4.5	15.5	-9.25
5	15.5	-9.35
5.5	15.5	-9.27
6	15.5	-9.15
6.5	15.5	-9.16
7	15.5	-8.74
7.5	15.5	-7.84
8	15.5	-8.29
8.5	15.5	-8.19
9	15.5	-8.49
9.5	15.5	-8.37
10	15.5	-8.61
10.5	15.5	-8.61
11	15.5	-9.01
11.5	15.5	-8.71
12	15.5	-8.89
12.5	15.5	-9.01
13	15.5	-8.98
13.5	15.5	-9.10
14	15.5	-9.31
14.5	15.5	-10.08
15	15.5	-9.93
15.5	15.5	-10.07
16	15.5	-10.31
16.5	15.5	-10.97
17	15.5	-11.21
17.5	15.5	-11.00
18	15.5	-11.27
18.5	15.5	-10.70
19	15.5	-10.52
19.5	15.5	-10.49
20	15.5	-10.84
20.5	15.5	-11.27
21	15.5	-10.37
21.5	15.5	-10.53
22	15.5	-10.70
22.5	15.5	-10.35
23	15.5	-10.38
23.5	15.5	-10.41
24	15.5	-10.39
24.5	15.5	-10.73
25	15.5	-10.38
25.5	15.5	-10.65
26	15.5	-10.59
26.5	15.5	-10.84
27	15.5	-10.86
27.5	15.5	-11.07
28	15.5	-11.26
28.5	15.5	-11.19
29	15.5	-11.58
29.5	15.5	-11.35
30	15.5	-11.41
30.5	15.5	-12.08
31	15.5	-11.66
31.5	15.5	-11.56
32	15.5	-11.52
32.5	15.5	-11.82
33	15.5	-12.05
33.5	15.5	-11.88
34	15.5	-11.74
34.5	15.5	-11.85
35	15.5	-11.73
35.5	15.5	-11.91
36	15.5	-11.58
36.5	15.5	-11.74
37	15.5	-11.34
37.5	15.5	-11.23
38	15.5	-11.67
38.5	15.5	-11.81
39	15.5	-11.65
39.5	15.5	-11.11
0	16	-9.98
0.5	16	-9.94
1	16	-10.28
1.5	16	-9.70
2	16	-9.62
2.5	16	-9.25
3	16	-9.61
3.5	16	-9.51
4	16	-9.31
4.5	16	-9.58
5	16	-9.28
5.5	16	-9.35
6	16	-8.73
6.5	16	-8.10
7	16	-8.21
7.5	16	-8.63
8	16	-8.68
8.5	16	-8.93
9	16	-8.98
9.5	16	-8.62
10	16	-8.92
10.5	16	-8.94
11	16	-8.85
11.5	16	-8.94
12	16	-8.98
12.5	16	-9.25
13	16	-9.41
13.5	16	-9.90
14	16	-9.68
14.5	16	-10.17
15	16	-10.64
15.5	16	-10.83
16	16	-10.50
16.5	16	-10.79
17	16	-10.93
17.5	16	-10.91
18	16	-10.59
18.5	16	-10.68
19	16	-10.34
19.5	16	-11.09
20	16	-11.22
20.5	16	-11.35
21	16	-10.80
21.5	16	-11.06
22	16	-10.66
22.5	16	-10.51
23	16	-10.75
23.5	16	-11.21
24	16	-11.31
24.5	16	-10.49
25	16	-10.43
25.5	16	-10.29
26	16	-10.63
26.5	16	-10.65
27	16	-10.81
27.5	16	-11.24
28	16	-11.23
28.5	16	-11.24
29	16	-11.32
29.5	16	-11.52
30	16	-11.91
30.5	16	-12.05
31	16	-11.65
31.5	16	-11.67
32	16	-11.73
32.5	16	-11.45
33	16	-11.42
33.5	16	-11.75
34	16	-12.20
34.5	16	-12.12
35	16	-12.06
35.5	16	-12.09
36	16	-12.19
36.5	16	-11.70
37	16	-11.28
37.5	16	-11.21
38	16	-11.21
38.5	16	-11.02
39	16	-11.50
39.5	16	-11.67
0	16.5	-10.53
0.5	16.5	-10.08
1	16.5	-10.09
1.5	16.5	-10.02
2	16.5	-9.77
2.5	16.5	-10.02
3	16.5	-9.88
3.5	16.5	-9.75
4	16.5	-10.17
4.5	16.5	-10.06
5	16.5	-9.69
5.5	16.5	-9.88
6	16.5	-9.41
6.5	16.5	-9.18
7	16.5	-8.79
7.5	16.5	-8.90
8	16.5	-8.83
8.5	16.5	-8.68
9	16.5	-8.85
9.5	16.5	-9.47
10	16.5	-9.74
10.5	16.5	-9.60
11	16.5	-9.71
11.5	16.5	-9.39
12	16.5	-9.67
12.5	16.5	-9.43
13	16.5	-10.30
13.5	16.5	-10.40
14	16.5	-10.68
14.5	16.5	-10.64
15	16.5	-10.61
15.5	16.5	-10.46
16	16.5	-10.33
16.5	16.5	-10.47
17	16.5	-11.13
17.5	16.5	-11.64
18	16.5	-11.64
18.5	16.5	-11.54
19	16.5	-12.21
19.5	16.5	-12.39
20	16.5	-10.64
20.5	16.5	-10.28
21	16.5	-10.63
21.5	16.5	-11.29
22	16.5	-11.07
22.5	16.5	-10.69
23	16.5	-10.29
23.5	16.5	-10.33
24	16.5	-10.43
24.5	16.5	-10.30
25	16.5	-10.53
25.5	16.5	-10.51
26	16.5	-10.75
26.5	16.5	-10.85
27	16.5	-10.99
27.5	16.5	-11.34
28	16.5	-11.34
28.5	16.5	-10.44
29	16.5	-10.21
29.5	16.5	-10.57
30	16.5	-10.71
30.5	16.5	-11.42
31	16.5	-11.60
31.5	16.5	-11.39
32	16.5	-11.41
32.5	16.5	-11.29
33	16.5	-11.17
33.5	16.5	-11.21
34	16.5	-11.18
34.5	16.5	-11.76
35	16.5	-11.45
35.5	16.5	-11.51
36	16.5	-11.52
36.5	16.5	-11.36
37	16.5	-11.02
37.5	16.5	-10.70
38	16.5	-10.85
38.5	16.5	-11.10
39	16.5	-11.94
39.5	16.5	-11.63
0	17	-10.69
0.5	17	-10.35
1	17	-10.47
1.5	17	-10.19
2	17	-10.11
2.5	17	-10.08
3	17	-10.20
3.5	17	-9.94
4	17	-10.12
4.5	17	-10.00
5	17	-10.17
5.5	17	-10.20
6	17	-10.14
6.5	17	-10.16
7	17	-9.35
7.5	17	-9.54
8	17	-10.19
8.5	17	-10.33
9	17	-10.10
9.5	17	-10.15
10	17	-10.25
10.5	17	-10.52
11	17	-10.28
11.5	17	-10.25
12	17	-10.23
12.5	17	-11.09
13	17	-10.96
13.5	17	-11.48
14	17	-11.20
14.5	17	-10.76
15	17	-10.38
15.5	17	-10.40
16	17	-11.72
16.5	17	-10.55
17	17	-11.72
17.5	17	-10.52
18	17	-11.05
18.5	17	-11.21
19	17	-11.48
19.5	17	-10.95
20	17	-10.66
20.5	17	-11.03
21	17	-10.95
21.5	17	-11.61
22	17	-13.25
22.5	17	-12.27
23	17	-12.27
23.5	17	-13.12
24	17	-12.28
24.5	17	-11.61
25	17	-13.22
25.5	17	-10.96
26	17	-12.16
26.5	17	-11.00
27	17	-12.14
27.5	17	-11.49
28	17	-11.05
28.5	17	-10.16
29	17	-10.81
29.5	17	-10.82
30	17	-10.54
30.5	17	-11.07
31	17	-11.76
31.5	17	-11.95
32	17	-11.49
32.5	17	-10.90
33	17	-10.88
33.5	17	-10.73
34	17	-10.66
34.5	17	-10.85
35	17	-10.64
35.5	17	-10.64
36	17	-10.94
36.5	17	-10.79
37	17	-11.06
37.5	17	-11.81
38	17	-11.54
38.5	17	-11.56
39	17	-12.14
39.5	17	-12.11
0	17.5	-9.92
0.5	17.5	-9.82
1	17.5	-9.89
1.5	17.5	-9.78
2	17.5	-9.65
2.5	17.5	-9.60
3	17.5	-9.50
3.5	17.5	-9.44
4	17.5	-9.83
4.5	17.5	-10.02
5	17.5	-10.05
5.5	17.5	-10.19
6	17.5	-10.21
6.5	17.5	-10.04
7	17.5	-9.92
7.5	17.5	-10.01
8	17.5	-10.41
8.5	17.5	-10.58
9	17.5	-10.63
9.5	17.5	-10.57
10	17.5	-10.83
10.5	17.5	-10.91
11	17.5	-10.77
11.5	17.5	-11.06
12	17.5	-11.24
12.5	17.5	-11.27
13	17.5	-11.27
13.5	17.5	-10.95
14	17.5	-11.19
14.5	17.5	-10.76
15	17.5	-10.38
15.5	17.5	-10.56
16	17.5	-10.56
16.5	17.5	-10.51
17	17.5	-10.31
17.5	17.5	-10.65
18	17.5	-10.50
18.5	17.5	-10.89
19	17.5	-12.06
19.5	17.5	-13.08
20	17.5	-12.81
20.5	17.5	-12.87
21	17.5	-13.17
21.5	17.5	-12.17
22	17.5	-13.16
22.5	17.5	-12.91
23	17.5	-13.01
23.5	17.5	-14.37
24	17.5	-14.35
24.5	17.5	-14.22
25	17.5	-12.87
25.5	17.5	-14.26
26	17.5	-14.18
26.5	17.5	-14.25
27	17.5	-12.82
27.5	17.5	-12.05
28	17.5	-10.48
28.5	17.5	-10.60
29	17.5	-10.93
29.5	17.5	-10.89
30	17.5	-10.81
30.5	17.5	-10.82
31	17.5	-11.20
31.5	17.5	-11.52
32	17.5	-11.18
32.5	17.5	-11.28
33	17.5	-11.30
33.5	17.5	-11.14
34	17.5	-10.96
34.5	17.5	-11.03
35	17.5	-10.70
35.5	17.5	-10.97
36	17.5	-10.50
36.5	17.5	-10.87
37	17.5	-11.30
37.5	17.5	-11.40
38	17.5	-11.52
38.5	17.5	-11.64
39	17.5	-12.12
39.5	17.5	-12.42
0	18	-9.49
0.5	18	-9.88
1	18	-9.95
1.5	18	-9.96
2	18	-9.84
2.5	18	-9.48
3	18	-9.69
3.5	18	-9.86
4	18	-9.84
4.5	18	-9.38
5	18	-9.32
5.5	18	-9.37
6	18	-9.44
6.5	18	-9.38
7	18	-9.37
7.5	18	-9.39
8	18	-9.93
8.5	18	-10.10
9	18	-10.30
9.5	18	-10.09
10	18	-10.20
10.5	18	-10.70
11	18	-10.77
11.5	18	-11.18
12	18	-11.18
12.5	18	-10.81
13	18	-10.48
13.5	18	-10.89
14	18	-10.76
14.5	18	-10.65
15	18	-10.75
15.5	18	-10.59
16	18	-10.95
16.5	18	-10.43
17	18	-11.50
17.5	18	-10.97
18	18	-11.43
18.5	18	-11.37
19	18	-12.18
19.5	18	-13.07
20	18	-12.95
20.5	18	-12.90
21	18	-12.86
21.5	18	-11.98
22	18	-11.95
22.5	18	-12.93
23	18	-12.17
23.5	18	-13.00
24	18	-13.16
24.5	18	-12.07
25	18	-12.07
25.5	18	-12.12
26	18	-11.53
26.5	18	-10.84
27	18	-10.84
27.5	18	-10.93
28	18	-10.47
28.5	18	-10.54
29	18	-10.69
29.5	18	-10.93
30	18	-10.92
30.5	18	-10.52
31	18	-9.96
31.5	18	-10.17
32	18	-10.59
32.5	18	-10.50
33	18	-11.11
33.5	18	-10.83
34	18	-10.75
34.5	18	-10.69
35	18	-10.98
35.5	18	-10.91
36	18	-10.86
36.5	18	-10.85
37	18	-11.21
37.5	18	-11.03
38	18	-11.20
38.5	18	-11.27
39	18	-11.38
39.5	18	-11.71
0	18.5	-9.81
0.5	18.5	-9.40
1	18.5	-9.36
1.5	18.5	-8.88
2	18.5	-9.76
2.5	18.5	-9.72
3	18.5	-9.44
3.5	18.5	-10.04
4	18.5	-10.10
4.5	18.5	-10.07
5	18.5	-9.64
5.5	18.5	-9.10
6	18.5	-9.15
6.5	18.5	-9.21
7	18.5	-9.62
7.5	18.5	-9.42
8	18.5	-9.42
8.5	18.5	-9.54
9	18.5	-9.76
9.5	18.5	-9.54
10	18.5	-10.07
10.5	18.5	-10.05
11	18.5	-10.26
11.5	18.5	-10.04
12	18.5	-9.90
12.5	18.5	-10.45
13	18.5	-10.38
13.5	18.5	-10.60
14	18.5	-10.18
14.5	18.5	-10.00
15	18.5	-10.26
15.5	18.5	-10.14
16	18.5	-10.06
16.5	18.5	-10.90
17	18.5	-9.95
17.5	18.5	-10.49
18	18.5	-10.35
18.5	18.5	-11.15
19	18.5	-10.36
19.5	18.5	-10.47
20	18.5	-10.45
20.5	18.5	-11.39
21	18.5	-10.32
21.5	18.5	-10.44
22	18.5	-10.61
22.5	18.5	-10.35
23	18.5	-10.73
23.5	18.5	-9.89
24	18.5	-10.36
24.5	18.5	-10.53
25	18.5	-9.93
25.5	18.5	-9.93
26	18.5	-10.23
26.5	18.5	-10.04
27	18.5	-10.10
27.5	18.5	-10.32
28	18.5	-10.87
28.5	18.5	-10.37
29	18.5	-10.25
29.5	18.5	-10.53
30	18.5	-10.64
30.5	18.5	-10.48
31	18.5	-10.48
31.5	18.5	-10.06
32	18.5	-10.24
32.5	18.5	-10.09
33	18.5	-10.06
33.5	18.5	-10.46
34	18.5	-10.92
34.5	18.5	-10.83
35	18.5	-10.65
35.5	18.5	-10.80
36	18.5	-11.31
36.5	18.5	-10.78
37	18.5	-10.45
37.5	18.5	-10.80
38	18.5	-10.55
38.5	18.5	-10.86
39	18.5	-11.33
39.5	18.5	-11.59
0	19	-9.79
0.5	19	-9.96
1	19	-9.85
1.5	19	-9.40
2	19	-9.35
2.5	19	-9.93
3	19	-9.57
3.5	19	-9.53
4	19	-9.73
4.5	19	-9.60
5	19	-9.48
5.5	19	-9.57
6	19	-9.55
6.5	19	-9.40
7	19	-10.04
7.5	19	-9.49
8	19	-9.91
8.5	19	-9.95
9	19	-9.33
9.5	19	-9.70
10	19	-9.87
10.5	19	-10.09
11	19	-10.05
11.5	19	-9.57
12	19	-10.05
12.5	19	-9.65
13	19	-9.53
13.5	19	-9.38
14	19	-9.82
14.5	19	-10.02
15	19	-10.07
15.5	19	-10.28
16	19	-10.32
16.5	19	-9.92
17	19	-10.43
17.5	19	-10.44
18	19	-11.02
18.5	19	-10.18
19	19	-11.00
19.5	19	-11.05
20	19	-10.59
20.5	19	-10.38
21	19	-10.19
21.5	19	-10.35
22	19	-10.28
22.5	19	-10.05
23	19	-9.86
23.5	19	-9.99
24	19	-10.54
24.5	19	-10.43
25	19	-10.32
25.5	19	-10.47
26	19	-10.42
26.5	19	-10.34
27	19	-10.70
27.5	19	-10.84
28	19	-10.59
28.5	19	-10.53
29	19	-10.34
29.5	19	-9.95
30	19	-9.34
30.5	19	-9.86
31	19	-9.49
31.5	19	-9.67
32	19	-9.42
32.5	19	-9.14
33	19	-9.55
33.5	19	-10.30
34	19	-10.91
34.5	19	-10.53
35	19	-9.91
35.5	19	-10.09
36	19	-10.07
36.5	19	-10.51
37	19	-10.57
37.5	19	-10.49
38	19	-10.40
38.5	19	-10.84
39	19	-11.43
39.5	19	-11.58
0	19.5	-10.05
0.5	19.5	-10.11
1	19.5	-10.28
1.5	19.5	-10.20
2	19.5	-9.87
2.5	19.5	-9.25
3	19.5	-9.60
3.5	19.5	-10.09
4	19.5	-9.70
4.5	19.5	-9.72
5	19.5	-9.22
5.5	19.5	-9.61
6	19.5	-9.37
6.5	19.5	-9.35
7	19.5	-9.64
7.5	19.5	-9.44
8	19.5	-9.32
8.5	19.5	-9.25
9	19.5	-9.15
9.5	19.5	-9.22
10	19.5	-9.17
10.5	19.5	-9.37
11	19.5	-9.60
11.5	19.5	-9.48
12	19.5	-9.80
12.5	19.5	-9.47
13	19.5	-9.79
13.5	19.5	-9.72
14	19.5	-9.52
14.5	19.5	-10.14
15	19.5	-10.21
15.5	19.5	-10.20
16	19.5	-9.97
16.5	19.5	-10.17
17	19.5	-10.05
17.5	19.5	-9.89
18	19.5	-10.33
18.5	19.5	-10.20
19	19.5	-10.68
19.5	19.5	-10.56
20	19.5	-10.69
20.5	19.5	-10.33
21	19.5	-10.06
21.5	19.5	-9.86
22	19.5	-9.87
22.5	19.5	-9.61
23	19.5	-9.81
23.5	19.5	-9.94
24	19.5	-10.16
24.5	19.5	-10.38
25	19.5	-10.30
25.5	19.5	-10.48
26	19.5	-10.07
26.5	19.5	-9.91
27	19.5	-9.82
27.5	19.5	-10.00
28	19.5	-9.80
28.5	19.5	-10.14
29	19.5	-10.00
29.5	19.5	-9.74
30	19.5	-9.86
30.5	19.5	-10.02
31	19.5	-10.23
31.5	19.5	-10.10
32	19.5	-9.46
32.5	19.5	-9.65
33	19.5	-9.80
33.5	19.5	-10.17
34	19.5	-10.47
34.5	19.5	-10.73
35	19.5	-10.77
35.5	19.5	-10.52
36	19.5	-10.42
36.5	19.5	-10.76
37	19.5	-10.28
37.5	19.5	-10.82
38	19.5	-11.24
38.5	19.5	-11.39
39	19.5	-11.52
39.5	19.5	-11.17
