33.238421
32.771365
28.269502
22.759932
19.532004
20.670541
25.544406
31.406061
33.257807
32.771831
28.249891
22.730772
19.509922
20.668078
25.562179
31.433202
33.315357
32.773280
28.192260
22.645312
19.445651
20.661749
25.615326
31.513595
33.440039
32.773497
28.069435
22.469841
19.321459
20.662599
25.738744
31.687740
33.594909
32.776053
27.916806
22.247573
19.159486
20.655616
25.887132
31.903806
33.837852
32.775731
27.677941
21.908263
18.921847
20.661685
26.130537
32.243964
34.269531
32.775731
27.251429
21.300168
18.492951
20.666863
26.560690
32.849612
34.780837
32.774638
26.742034
20.573504
17.978891
20.669395
27.070185
33.569705
35.519867
32.769807
26.001633
19.521209
17.237959
20.678068
27.812311
34.614477
36.842577
32.759209
24.673559
17.636344
15.913655
20.697730
29.145798
36.488991
36.135048
32.695151
25.283129
18.562703
16.599312
20.724874
28.496491
35.529631
34.585273
32.656462
26.764236
20.708744
18.131113
20.726640
26.979371
33.364734
34.081820
32.638056
27.236575
21.398411
18.626237
20.730027
26.492005
32.665608
33.880548
32.632498
27.429573
21.679584
18.828966
20.733912
26.297206
32.384841
33.626296
32.625647
27.674270
22.036409
19.086989
20.740338
26.051844
32.030160
33.438907
32.618901
27.851467
22.295975
19.274891
20.744617
25.872017
31.770077
33.297284
32.614145
27.986406
22.493691
19.418482
20.748916
25.736445
31.573333
33.202693
32.607797
28.070133
22.618173
19.508558
20.749525
25.646943
31.444170
33.162019
32.606403
28.108906
22.675062
19.549979
20.750946
25.608137
31.387716
31.267027
32.191705
29.387169
24.873642
21.325477
20.984482
24.126893
29.006836
31.268561
32.192808
29.386940
24.872135
21.323539
20.983277
24.127153
29.008427
31.303147
32.212437
29.376946
24.837823
21.285252
20.964811
24.140361
29.046546
31.368031
32.238953
29.346342
24.767318
21.216650
20.940458
24.175577
29.121789
31.514755
32.269423
29.244538
24.593413
21.075024
20.918835
24.287553
29.303308
31.666600
32.273300
29.108215
24.399175
20.940511
20.927570
24.434020
29.502557
31.767540
32.264491
29.004604
24.263798
20.855784
20.946164
24.544260
29.640253
31.813736
32.258039
28.954350
24.200399
20.817942
20.957412
24.597568
29.704585
31.854517
32.252584
28.910168
24.144425
20.784366
20.967113
24.644524
29.761548
31.889776
32.254603
28.879551
24.099626
20.752623
20.968183
24.677904
29.808214
31.916866
32.256029
28.855887
24.065150
20.728310
20.969174
24.703718
29.844147
31.932904
32.251072
28.835328
24.041645
20.716318
20.976175
24.725354
29.867793
31.956493
32.250105
28.812219
24.010438
20.696081
20.979525
24.750318
29.900077
31.979307
32.251682
28.792730
23.981645
20.675525
20.980025
24.771720
29.930260
32.053256
32.274680
28.749744
23.897838
20.601463
20.961849
24.821488
30.020780
32.090032
32.284957
28.727117
23.855653
20.565220
20.954150
24.847489
30.066177
32.115959
32.294306
28.713556
23.827063
20.538821
20.946406
24.863502
30.097285
32.086034
32.284618
28.730949
23.861535
20.569628
20.954481
24.843516
30.060012
32.041807
32.266726
28.752487
23.910371
20.616513
20.970392
24.818099
30.006755
32.030498
32.259913
28.755472
23.921695
20.629494
20.977019
24.814132
29.994119
28.601805
30.000219
29.384113
27.148034
24.546416
23.149535
23.842192
26.316706
28.596902
29.994729
29.382488
27.151518
24.553036
23.155199
23.843271
26.312250
28.619365
30.015286
29.385259
27.133935
24.525228
23.134373
23.842763
26.333556
28.664175
30.053566
29.387332
27.096950
24.470657
23.096040
23.845243
26.377531
28.696297
30.078290
29.385716
27.069008
24.432735
23.071679
23.850076
26.410058
28.727454
30.094338
29.374998
27.037610
24.399378
23.057188
23.863805
26.444653
28.771131
30.119822
29.363327
26.995077
24.351240
23.033456
23.879773
26.492161
28.853241
30.181128
29.356689
26.922154
24.254817
22.973437
23.894714
26.576566
28.942863
30.251487
29.353413
26.844410
24.148071
22.903953
23.907104
26.667406
28.991272
30.284592
29.345992
26.799764
24.092531
22.872070
23.919387
26.718369
29.051127
30.329969
29.341941
26.746956
24.021923
22.827515
23.929508
26.779694
29.113758
30.378027
29.338399
26.692061
23.947827
22.780230
23.939404
26.843590
29.163206
30.417730
29.337655
26.649715
23.888601
22.740876
23.945182
26.893308
29.180032
30.432517
29.339231
26.636637
23.868419
22.726102
23.945275
26.908969
29.284609
30.517084
29.338329
26.547394
23.742913
22.642208
23.956841
27.013877
29.346096
30.566509
29.337383
26.494626
23.669135
22.593202
23.964067
27.075843
29.352609
30.572064
29.337760
26.489414
23.661357
22.587684
23.964346
27.082041
29.343705
30.565319
29.338506
26.497532
23.672079
22.594357
23.962679
27.072607
29.266407
30.490263
29.324967
26.557227
23.770748
22.670977
23.968175
26.999349
29.284182
30.502183
29.321889
26.540559
23.750337
22.659523
23.973054
27.018342
27.704692
28.934458
28.978477
27.698314
25.747940
24.262067
24.154310
25.576846
27.714653
28.947510
28.984826
27.693530
25.734564
24.248320
24.148979
25.583978
27.729793
28.967446
28.994629
27.686374
25.714239
24.227318
24.140722
25.594724
27.720983
28.954991
28.987855
27.689963
25.726367
24.240545
24.146600
25.588898
27.714502
28.945151
28.982064
27.692216
25.735583
24.251083
24.151733
25.584888
27.716862
28.947017
28.982078
27.690331
25.732905
24.249278
24.151964
25.587123
27.707929
28.933692
28.974324
27.693485
25.745436
24.263512
24.158813
25.581580
27.699165
28.919812
28.965710
27.696047
25.758028
24.278435
24.166544
25.576534
27.688627
28.903032
28.955194
27.698994
25.773142
24.296477
24.176001
25.570580
27.697077
28.910697
28.956266
27.692572
25.762942
24.288824
24.175807
25.578398
27.710540
28.925403
28.961086
27.683993
25.745785
24.273681
24.172373
25.589632
27.729453
28.947772
28.970063
27.673190
25.721156
24.250403
24.165335
25.604467
27.724949
28.940745
28.965754
27.674563
25.727584
24.257957
24.169195
25.601836
27.676597
28.875927
28.933056
27.696779
25.793063
24.326487
24.196994
25.567970
27.650722
28.840434
28.914647
27.708301
25.828543
24.364153
24.212793
25.550088
27.628194
28.808929
28.897752
27.717746
25.859502
24.397637
24.227419
25.534987
27.605869
28.777307
28.880400
27.726663
25.890184
24.431270
24.242526
25.520384
27.592570
28.757327
28.868526
27.731040
25.908735
24.452639
24.253071
25.512411
27.602914
28.768150
28.871524
27.723958
25.895589
24.441552
24.251142
25.521435
27.613465
28.780238
28.875960
27.717536
25.881880
24.429009
24.247790
25.530028
31.283822
32.209968
29.489365
25.022014
21.533991
21.192290
24.320405
29.082974
31.304648
32.218200
29.477262
24.995448
21.507858
21.181341
24.330487
29.107448
31.358456
32.238962
29.445538
24.926769
21.440810
21.153798
24.357157
29.170865
31.392876
32.243812
29.417479
24.881835
21.405420
21.148362
24.384454
29.214417
31.472402
32.269178
29.365680
24.779673
21.311035
21.115337
24.430370
29.310109
31.497426
32.264155
29.337373
24.745923
21.292825
21.123668
24.460558
29.344799
31.569500
32.271197
29.275512
24.651018
21.221000
21.116455
24.521465
29.437322
31.676567
32.293636
29.194435
24.511074
21.103258
21.088203
24.597442
29.570773
31.792872
32.316568
29.104626
24.358151
20.975860
21.059100
24.681703
29.716607
31.936377
32.344649
28.993077
24.168465
20.817834
21.022857
24.785935
29.897145
32.132733
32.387549
28.844057
23.908531
20.596667
20.966222
24.923198
30.143196
32.394893
32.447842
28.647123
23.560491
20.297282
20.885386
25.102890
30.471509
32.653212
32.510981
28.456211
23.217448
19.998398
20.800012
25.275504
30.794127
32.778065
32.541283
28.363574
23.051320
19.853808
20.758856
25.359197
30.950309
32.779691
32.539594
28.360636
23.049248
19.854124
20.761522
25.362736
30.952774
32.762773
32.532401
28.370834
23.072269
19.877357
20.772063
25.354975
30.931984
32.774304
32.534359
28.361997
23.057700
19.865645
20.769984
25.363589
30.946050
32.766616
32.531468
28.367273
23.068724
19.876392
20.774524
25.359522
30.936087
32.823165
32.547057
28.327269
22.994098
19.809637
20.753396
25.395095
31.005891
32.818929
32.545792
28.330392
23.000058
19.815111
20.755336
25.392483
31.000405
32.393954
32.741910
28.856413
23.468741
19.880075
20.330856
24.679358
30.362079
32.406031
32.744429
28.847535
23.453570
19.867612
20.328415
24.688393
30.377279
32.466794
32.760248
28.807749
23.381673
19.807030
20.315586
24.731869
30.452398
32.682705
32.794804
28.639199
23.108872
19.593202
20.286957
24.906421
30.728553
33.149167
32.833820
28.234791
22.500493
19.145599
20.263382
25.322397
31.341611
33.628227
32.835315
27.773857
21.851942
18.698600
20.279567
25.793164
31.992347
33.946884
32.817429
27.443943
21.407454
18.406254
20.309851
26.128621
32.437441
34.100630
32.804128
27.278440
21.188898
18.265672
20.329046
26.296445
32.656195
34.250714
32.791152
27.116020
20.974202
18.127224
20.347368
26.460942
32.871243
34.362920
32.784863
26.998329
20.815505
18.022582
20.357928
26.580958
33.031296
34.506188
32.780328
26.851040
20.612951
17.885580
20.366297
26.730137
33.234770
34.778185
32.773663
26.571804
20.225976
17.620718
20.377173
27.010342
33.621132
35.186942
32.769117
26.157955
19.646802
17.220087
20.387700
27.426070
34.200251
35.135829
32.765665
26.209980
19.726611
17.283000
20.399360
27.381782
34.128126
34.642204
32.761588
26.702218
20.427314
17.778022
20.402436
26.891966
33.431690
34.485524
32.762093
26.861175
20.652056
17.936058
20.402787
26.735101
33.209706
34.303462
32.760898
27.042078
20.908214
18.115051
20.400183
26.551590
32.951391
34.093934
32.753665
27.242805
21.198409
18.321819
20.402502
26.346773
32.657666
34.010744
32.748114
27.319404
21.312235
18.405219
20.406729
26.268938
32.542883
29.858986
31.014869
29.263591
25.791534
22.692249
21.873028
23.924332
27.653611
29.854203
31.009829
29.262444
25.795118
22.698393
21.877870
23.924721
27.649089
29.893709
31.031467
29.249778
25.754959
22.654839
21.857455
23.940573
27.692800
29.969105
31.069696
29.222130
25.676811
22.573241
21.822138
23.974344
27.777473
30.025942
31.094032
29.196292
25.615595
22.513550
21.800211
24.004365
27.842874
30.087508
31.108207
29.154744
25.543102
22.453971
21.789363
24.049361
27.917967
30.167747
31.130561
29.104849
25.450560
22.374780
21.771305
24.104290
28.014717
30.303594
31.187271
29.041266
25.303402
22.232942
21.721025
24.178333
28.172254
30.447749
31.252880
28.979779
25.149930
22.080142
21.661973
24.251485
28.337714
30.527995
31.282151
28.937491
25.060853
21.998157
21.636833
24.299680
28.432392
30.623618
31.323574
28.894328
24.957943
21.897673
21.599946
24.350486
28.543050
30.723147
31.367758
28.850656
24.851472
21.792713
21.560428
24.402200
28.657743
30.800887
31.405044
28.819710
24.769832
21.709655
21.526617
24.439639
28.746186
30.831145
31.422745
28.812350
24.741370
21.677199
21.510042
24.449385
28.777115
30.989672
31.502120
28.753367
24.577313
21.507151
21.437934
24.522119
28.955672
31.080929
31.547541
28.718901
24.482438
21.409196
21.396780
24.564621
29.059048
31.088738
31.553582
28.718879
24.476268
21.400626
21.391162
24.565523
29.066167
31.071704
31.548486
28.729831
24.496930
21.418558
21.395591
24.553436
29.044341
30.925367
31.473787
28.785709
24.652956
21.581207
21.466150
24.486203
28.875536
30.946529
31.482906
28.776212
24.630447
21.559420
21.458474
24.497791
28.900127
28.520425
29.858811
29.213207
26.926746
24.338877
23.016608
23.829927
26.327363
28.536490
29.874022
29.215551
26.914059
24.318601
23.001206
23.829272
26.342507
28.560956
29.897322
29.219295
26.894837
24.287678
22.977589
23.828100
26.365494
28.546960
29.882608
29.215614
26.905174
24.306024
22.992653
23.830225
26.352781
28.536954
29.870929
29.211726
26.912055
24.319711
23.004707
23.832916
26.344017
28.541213
29.872943
29.210140
26.907778
24.315316
23.002870
23.834814
26.348622
28.527134
29.857053
29.205223
26.917659
24.334295
23.019256
23.838103
26.336179
28.513526
29.840374
29.199017
26.926606
24.353282
23.036579
23.842654
26.324545
28.497041
29.820124
29.191417
26.937383
24.376290
23.057635
23.848259
26.310505
28.511392
29.828344
29.187518
26.923473
24.360720
23.049926
23.853350
26.325753
28.533614
29.844800
29.185596
26.903660
24.334806
23.033800
23.857348
26.348234
28.564557
29.870329
29.185867
26.877360
24.297499
23.008383
23.860113
26.378666
28.557381
29.861853
29.182960
26.882256
24.307392
23.017182
23.862177
26.372408
28.479125
29.785824
29.169502
26.943356
24.407302
23.094498
23.867338
26.299045
28.437449
29.744162
29.161166
26.975541
24.461214
23.136992
23.871172
26.260147
28.400972
29.706877
29.152863
27.003200
24.508727
23.175151
23.875516
26.226487
28.364638
29.669199
29.143899
27.030369
24.556238
23.213798
23.880531
26.193259
28.342874
29.645014
29.136665
27.045796
24.585437
23.238815
23.885335
26.173951
28.359542
29.656842
29.134593
27.030636
24.566244
23.227368
23.888971
26.191031
28.376586
29.670443
29.134177
27.015873
24.545896
23.213928
23.891054
26.207995
31.450250
32.273342
29.399832
24.838050
21.310165
20.956504
24.128133
28.976688
31.473710
32.282116
29.385928
24.808330
21.281268
20.944411
24.139403
29.003888
31.532751
32.303992
29.350714
24.733444
21.208640
20.914225
24.168014
29.072452
31.552213
32.305987
29.333756
24.707031
21.187784
20.910978
24.183838
29.097523
31.626116
32.330533
29.286710
24.612227
21.098393
20.876735
24.223095
29.184740
31.618816
32.319653
29.282667
24.618714
21.112073
20.890738
24.229363
29.179960
31.647473
32.319302
29.254189
24.578399
21.082830
20.889636
24.256304
29.218236
31.719373
32.336415
29.201240
24.483414
20.999224
20.864395
24.302409
29.306175
31.795593
32.353743
29.144128
24.382170
20.910767
20.838438
24.352168
29.399804
31.892183
32.375936
29.071801
24.253605
20.798200
20.805087
24.414947
29.518515
32.038753
32.413743
28.966133
24.059655
20.624809
20.749359
24.505469
29.697138
32.247548
32.470048
28.817836
23.783718
20.376005
20.666930
24.631764
29.951019
32.464051
32.531325
28.666917
23.498363
20.116170
20.577868
24.759416
30.213265
32.568622
32.560907
28.593927
23.360377
19.990515
20.534773
24.821068
30.339998
32.561745
32.557892
28.597693
23.369167
19.999396
20.538731
24.818023
30.331819
32.531734
32.548277
28.617645
23.408582
20.036114
20.552010
24.801052
30.295210
32.530511
32.548477
28.619210
23.410553
20.037249
20.551350
24.799100
30.292815
32.512918
32.543836
28.631997
23.434078
20.058204
20.557708
24.787741
30.270650
32.557591
32.558938
28.603372
23.375915
20.002880
20.535747
24.810706
30.323310
32.550326
32.557080
28.608708
23.385648
20.011509
20.538331
24.805979
30.314165
33.747613
33.007009
27.863366
21.795502
18.451660
19.851496
25.347237
31.706139
33.774771
33.009808
27.839753
21.759025
18.423527
19.848729
25.370877
31.742478
33.896133
33.025657
27.739297
21.600508
18.299913
19.835583
25.474262
31.903357
34.373576
33.058094
27.305249
20.950730
17.813363
19.809555
25.912633
32.554021
35.439601
33.076609
26.269620
19.460710
16.739292
19.812156
26.957811
34.044062
36.697320
33.036493
24.967550
17.650404
15.482601
19.885397
28.268613
35.849829
37.850462
32.979134
23.743657
15.966512
14.330676
19.975960
29.497143
37.525458
36.489452
32.901484
25.015860
17.861354
15.739601
20.044707
28.230595
35.645952
35.558012
32.878533
25.923156
19.179099
16.695274
20.056597
27.326398
34.339110
35.103178
32.861416
26.359058
19.818568
17.164123
20.069983
26.892647
33.705373
34.708498
32.840337
26.729340
20.368278
17.571730
20.087953
26.523464
33.159617
34.398164
32.822021
27.018624
20.799857
17.893632
20.105109
26.235957
32.732001
34.191170
32.809035
27.210821
21.087572
18.109196
20.118131
26.045552
32.447514
33.979193
32.800959
27.415540
21.389195
18.333334
20.130367
25.847083
32.153868
33.829555
32.793499
27.557380
21.599739
18.490563
20.139623
25.708318
31.947541
33.766021
32.791954
27.619890
21.690939
18.557888
20.142734
25.648033
31.859126
33.655004
32.785899
27.722576
21.842617
18.669427
20.145184
25.542727
31.705617
33.515103
32.773263
27.845686
22.029864
18.810688
20.153377
25.415837
31.515389
33.458791
32.766006
27.892828
22.104234
18.868719
20.159716
25.367775
31.440343
30.097018
31.132480
29.166240
25.538956
22.373638
21.605566
23.789478
27.661455
30.087722
31.126473
29.168226
25.547948
22.384205
21.611536
23.787018
27.651812
30.121574
31.146706
29.159346
25.514528
22.346281
21.591590
23.797824
27.687844
30.188030
31.182350
29.137309
25.446845
22.273555
21.557089
23.823783
27.760469
30.231722
31.203279
29.120095
25.401195
22.226839
21.537310
23.843779
27.809430
30.262855
31.209963
29.098871
25.364905
22.197217
21.532779
23.867642
27.848238
30.309112
31.224179
29.072050
25.313088
22.151531
21.521286
23.898222
27.903872
30.414685
31.273715
29.029387
25.202589
22.039664
21.475247
23.948099
28.022727
30.533114
31.333557
28.986238
25.080707
21.912426
21.418791
23.999150
28.154055
30.585220
31.356938
28.964310
25.026274
21.858408
21.397901
24.025299
28.213199
30.657347
31.393718
28.938627
24.952672
21.781347
21.363613
24.056239
28.293012
30.730559
31.432860
28.914718
24.879147
21.702707
21.326987
24.085633
28.373099
30.789861
31.466634
28.897671
24.820646
21.638179
21.294949
24.107010
28.436927
30.782282
31.476460
28.917388
24.838504
21.644226
21.285313
24.088533
28.421012
30.896299
31.547492
28.892066
24.730395
21.519228
21.217891
24.122967
28.540472
30.968520
31.589541
28.872368
24.659748
21.440508
21.178055
24.148072
28.617772
30.964425
31.592899
28.880589
24.667970
21.444134
21.174837
24.140339
28.610302
30.937449
31.585295
28.897967
24.700311
21.472375
21.182000
24.122067
28.577062
30.757379
31.502345
28.975809
24.895979
21.669728
21.263885
24.037058
28.372246
30.772265
31.510499
28.971382
24.881616
21.654292
21.256723
24.043059
28.388376
28.536519
29.918988
29.259918
26.936192
24.236164
22.843561
23.617986
26.134799
28.553167
29.934460
29.261929
26.922766
24.215284
22.827459
23.616788
26.149857
28.578435
29.958139
29.265221
26.902509
24.183517
22.802794
23.614730
26.172612
28.562599
29.942778
29.262626
26.915036
24.203739
22.818889
23.616613
26.158540
28.549814
29.930195
29.260402
26.925173
24.220233
22.832122
23.618317
26.147202
28.551856
29.931559
29.260161
26.923441
24.218056
22.830821
23.618755
26.149200
28.534899
29.914686
29.256943
26.936712
24.239965
22.848576
23.621259
26.134285
28.517059
29.896603
29.253249
26.950611
24.263251
22.867673
23.624259
26.118688
28.495663
29.874705
29.248553
26.967144
24.291264
22.890828
23.628124
26.100093
28.505055
29.881464
29.247668
26.958935
24.280703
22.884190
23.629727
26.109311
28.523694
29.896932
29.247957
26.943217
24.258411
22.868451
23.630563
26.126901
28.551990
29.921830
29.249906
26.919899
24.223761
22.842827
23.630177
26.153046
28.542964
29.912705
29.248067
26.926952
24.235546
22.852466
23.631663
26.145131
28.460443
29.834720
29.236842
26.993190
24.339903
22.933841
23.638974
26.070814
28.414222
29.791302
29.231026
27.030700
24.398464
22.979203
23.642697
26.028921
28.373780
29.752457
29.224925
27.063035
24.450070
23.019894
23.646990
25.992681
28.333851
29.713316
29.217947
27.094481
24.501329
23.060978
23.652189
25.957300
28.308872
29.687899
29.212537
27.113722
24.533883
23.087810
23.656557
25.935570
28.322302
29.698816
29.212477
27.102303
24.518009
23.076819
23.657491
25.948353
28.337420
29.711936
29.213293
27.089751
24.499627
23.063399
23.657552
25.962423
29.031974
30.475196
29.773086
27.403076
24.841820
23.617504
24.482781
27.057724
29.043114
30.484543
29.771734
27.389854
24.823554
23.604177
24.481802
27.069136
29.071531
30.508074
29.768001
27.356113
24.777266
23.570665
24.479701
27.098339
29.086537
30.515204
29.761064
27.337931
24.758069
23.561399
24.485621
27.115542
29.126000
30.544552
29.752775
27.290851
24.697056
23.520095
24.487039
27.157166
29.134063
30.541987
29.743040
27.280627
24.693066
23.525295
24.498716
27.168570
29.165112
30.554636
29.726678
27.242773
24.655307
23.509361
24.513690
27.204880
29.216151
30.585064
29.708783
27.181139
24.583611
23.467770
24.525497
27.261357
29.272688
30.618130
29.688273
27.112656
24.504655
23.422619
24.539429
27.324230
29.344175
30.660256
29.662529
27.025873
24.404270
23.364867
24.556595
27.403726
29.444465
30.722818
29.629589
26.904179
24.259759
23.278108
24.575946
27.514118
29.580803
30.810333
29.587007
26.738629
24.060479
23.155904
24.598792
27.663418
29.716341
30.899939
29.547095
26.574129
23.859605
23.030061
24.617870
27.810922
29.782258
30.943413
29.527556
26.494051
23.761929
22.968953
24.627252
27.882713
29.782913
30.942310
29.525928
26.493204
23.762591
22.970927
24.629506
27.883982
29.773683
30.933747
29.526384
26.504403
23.778985
22.983711
24.631704
27.874802
29.779787
30.936725
29.523657
26.497085
23.771215
22.979938
24.634097
27.881782
29.775926
30.932964
29.523726
26.501866
23.778391
22.985690
24.635317
27.877974
29.806620
30.953979
29.515407
26.464717
23.732211
22.956016
24.638610
27.911064
29.804508
30.952219
29.515715
26.467326
23.735800
22.958647
24.638852
27.908880
30.411989
31.611503
29.563758
25.725435
22.562800
21.980157
24.393720
28.496251
30.414181
31.612283
29.562595
25.722946
22.560465
21.979377
24.394982
28.498833
30.405904
31.604923
29.564256
25.734779
22.576735
21.991609
24.396741
28.490079
30.436321
31.603812
29.537179
25.699492
22.555733
21.998975
24.429073
28.529499
30.540518
31.600424
29.440640
25.570151
22.473415
22.015817
24.536358
28.665764
30.682462
31.595480
29.305640
25.387640
22.354451
22.034056
24.681348
28.853204
30.787538
31.589807
29.202374
25.249589
22.265258
22.048596
24.790826
28.993720
30.836577
31.585896
29.152524
25.184171
22.223892
22.056734
24.843471
29.060156
30.875314
31.581139
29.111348
25.131914
22.192340
22.065451
24.887174
29.113432
30.886534
31.573804
29.093694
25.115962
22.188500
22.076892
24.907358
29.130989
30.896690
31.568197
29.078686
25.101641
22.184100
22.085728
24.924372
29.146575
30.922596
31.566972
29.052879
25.066723
22.161061
22.088582
24.951242
29.181757
30.936079
31.562417
29.035694
25.048042
22.152587
22.095951
24.970181
29.201435
30.939137
31.557190
29.027903
25.043487
22.154664
22.104056
24.979776
29.207216
30.889341
31.533890
29.053322
25.107991
22.222726
22.137548
24.960575
29.148160
30.867912
31.522972
29.063628
25.136020
22.253194
22.153491
24.953388
29.122773
30.846205
31.514544
29.076468
25.164539
22.281476
22.165568
24.942794
29.096285
30.871764
31.526578
29.064669
25.133516
22.248532
22.149345
24.952335
29.125131
30.913930
31.543454
29.041725
25.080805
22.195669
22.126348
24.971838
29.174407
30.927699
31.547630
29.032833
25.063180
22.179333
22.120643
24.979832
29.191026
32.030313
32.147195
28.434337
23.392348
20.277857
20.978716
25.161132
30.465027
32.045495
32.148644
28.420943
23.371444
20.261544
20.976459
25.173867
30.485071
32.123093
32.160607
28.361191
23.274858
20.186421
20.968802
25.238759
30.585974
32.261589
32.176539
28.248386
23.099795
20.054886
20.961525
25.360806
30.768613
32.403974
32.189492
28.127177
22.915256
19.917724
20.955129
25.488839
30.958184
32.667150
32.205042
27.890748
22.563975
19.660720
20.947074
25.732353
31.313062
32.999465
32.222180
27.588789
22.118548
19.337230
20.940468
26.043931
31.763835
33.416091
32.244216
27.211764
21.563374
18.936170
20.936746
26.437936
32.330951
33.861651
32.266040
26.805434
20.967278
18.507190
20.935217
26.862967
32.940640
34.347334
32.282344
26.348766
20.303334
18.030927
20.933140
27.331788
33.611347
34.896095
32.298674
25.829355
19.550883
17.493336
20.934142
27.866007
34.372806
35.820281
32.320534
24.942988
18.271206
16.580252
20.935705
28.771581
35.662411
37.199569
32.343957
23.602933
16.344441
15.208836
20.940723
30.133616
37.597935
38.305178
32.394748
22.579812
14.842383
14.122213
20.924023
31.188883
39.120443
36.216351
32.372137
24.638271
17.795020
16.225358
20.924887
29.118281
36.174600
35.492613
32.365407
25.351719
18.816326
16.950684
20.921441
28.398622
35.153675
35.068454
32.361946
25.769398
19.413007
17.372976
20.916747
27.975514
34.555473
33.893560
32.319274
26.878392
21.030161
18.537430
20.928887
26.840106
32.922715
33.765907
32.309867
26.994540
21.206221
18.669965
20.939467
26.724553
32.748312
30.995530
31.585196
28.716002
24.344805
21.285547
21.385939
24.658881
29.284470
31.024727
31.597788
28.703135
24.313530
21.254985
21.374993
24.674955
29.319034
31.069868
31.617371
28.683357
24.265200
21.207639
21.357901
24.699657
29.372423
31.052261
31.605676
28.686189
24.281306
21.226924
21.368240
24.693921
29.353152
31.048617
31.597389
28.679681
24.280592
21.231997
21.375601
24.698325
29.351408
31.070619
31.600534
28.662300
24.252623
21.210108
21.372979
24.716477
29.379889
31.057851
31.588158
28.659709
24.261743
21.224953
21.384043
24.716054
29.367358
31.052730
31.575743
28.649757
24.260446
21.232481
21.395242
24.723007
29.365103
31.043567
31.560073
28.639850
24.262616
21.244722
21.409450
24.729217
29.358580
31.096511
31.568614
28.599404
24.196395
21.192351
21.402638
24.772105
29.426640
31.157247
31.583061
28.558585
24.123580
21.131387
21.390709
24.816938
29.503023
31.230346
31.604898
28.514751
24.038837
21.056988
21.372237
24.866604
29.593302
31.220251
31.597909
28.516215
24.048178
21.068370
21.378525
24.863498
29.582121
31.065940
31.533956
28.588124
24.216464
21.230419
21.434334
24.775538
29.397339
30.982326
31.499729
28.627898
24.308347
21.318388
21.464096
24.727077
29.296475
30.905518
31.467756
28.663886
24.392620
21.399625
21.492224
24.683264
29.204078
30.826874
31.434260
28.699837
24.478499
21.483161
21.521969
24.639359
29.109913
30.775776
31.411636
28.722396
24.534159
21.538085
21.542381
24.611702
29.048860
30.797607
31.419590
28.711735
24.511026
21.516729
21.536121
24.624948
29.074411
30.823951
31.429746
28.699106
24.482740
21.490127
21.527709
24.640513
29.105550
28.836232
30.246788
29.720861
27.570240
24.991168
23.557636
24.182692
26.579179
28.846725
30.256462
29.720356
27.558095
24.973170
23.543613
24.180288
26.589182
28.873106
30.280706
29.719007
27.527535
24.927975
23.508464
24.174342
26.614361
28.882847
30.286988
29.715826
27.515786
24.913858
23.499932
24.176056
26.624902
28.916400
30.316401
29.712677
27.476630
24.857662
23.457488
24.170484
26.657552
28.916744
30.311970
29.707892
27.475417
24.861660
23.464950
24.177365
26.660087
28.935588
30.322543
29.700162
27.452405
24.835823
23.450992
24.182907
26.681164
28.974459
30.351906
29.691807
27.406242
24.775240
23.409609
24.183277
26.721137
29.018069
30.384084
29.681676
27.354332
24.708014
23.364445
24.184796
26.766332
29.074608
30.425645
29.668399
27.287003
24.620973
23.306090
24.186932
26.824977
29.157094
30.488418
29.651180
27.189080
24.491776
23.217189
24.186746
26.909485
29.271975
30.577141
29.628515
27.052839
24.310373
23.090915
24.184327
27.026487
29.388038
30.668488
29.607335
26.915409
24.125269
22.960243
24.179166
27.143818
29.444604
30.712881
29.596884
26.848388
24.035133
22.896710
24.176787
27.201045
29.443980
30.711464
29.596056
26.849008
24.037139
22.899128
24.178329
27.200912
29.433748
30.702111
29.596591
26.860976
24.054941
22.913154
24.181000
27.191301
29.437354
30.704671
29.595628
26.856695
24.049594
22.909771
24.181449
27.195157
29.432316
30.700333
29.596144
26.862643
24.058152
22.916318
24.182458
27.190336
29.458234
30.721619
29.592289
26.832065
24.015901
22.885599
24.179963
27.216106
29.455824
30.719645
29.592641
26.834922
24.019879
22.888534
24.180271
27.213742
30.726492
31.597702
29.252348
25.333048
22.133416
21.671933
24.298609
28.543708
30.724185
31.597526
29.254372
25.336092
22.135670
21.672062
24.296565
28.540712
30.681888
31.581392
29.278695
25.388881
22.187335
21.692923
24.275391
28.491021
30.624563
31.559094
29.310774
25.459383
22.256617
21.721007
24.247007
28.424168
30.555187
31.513191
29.329599
25.537712
22.352713
21.779975
24.235963
28.351769
30.534982
31.469831
29.303236
25.549234
22.399953
21.836700
24.269775
28.344292
30.539126
31.441747
29.269286
25.532831
22.413925
21.873830
24.308585
28.362713
30.542614
31.428450
29.251664
25.522880
22.419015
21.891434
24.328492
28.373536
30.541942
31.416053
29.239072
25.519074
22.427624
21.907852
24.343265
28.378303
30.527510
31.403401
29.239848
25.534621
22.450157
21.924698
24.345006
28.364470
30.513426
31.393167
29.242766
25.550412
22.470575
21.938179
24.344017
28.350021
30.509072
31.387247
29.240466
25.553762
22.478113
21.945606
24.347005
28.346873
30.496560
31.378141
29.242956
25.567643
22.496116
21.957517
24.346128
28.334046
30.480582
31.369057
29.248968
25.586558
22.517719
21.969537
24.341901
28.316463
30.416080
31.339110
29.281184
25.666875
22.602159
22.010239
24.316824
28.242268
30.379267
31.323393
29.300790
25.712747
22.648888
22.031201
24.300617
28.199334
30.352131
31.312220
29.315763
25.746864
22.683232
22.046219
24.288196
28.167489
30.350737
31.319922
29.324223
25.749451
22.676900
22.033833
24.276328
28.162278
30.356599
31.331828
29.329572
25.742592
22.659685
22.015121
24.265989
28.165088
30.356583
31.334171
29.331548
25.742441
22.656938
22.011047
24.262658
28.164077
34.334908
32.567519
26.652718
20.478504
17.746197
20.230103
26.529040
33.016970
34.376935
32.569088
26.612519
20.419366
17.703087
20.227877
26.568681
33.074900
34.599362
32.578510
26.405183
20.115912
17.485770
20.224468
26.782081
33.380802
35.002769
32.584826
26.015835
19.557879
17.094654
20.229628
27.182253
33.942718
35.481139
32.587734
25.546361
18.888532
16.626854
20.236214
27.660571
34.612628
36.516002
32.582029
24.511773
17.423551
15.608133
20.254894
28.706852
36.071183
38.509527
32.570980
22.515980
14.596760
13.641258
20.288056
30.723630
38.884093
38.170273
32.502600
22.779017
15.050212
14.024980
20.382290
30.480402
38.453490
36.227067
32.456297
24.657898
17.773884
15.970078
20.420872
28.590359
35.750596
35.259189
32.418519
25.577140
19.123853
16.948458
20.460663
27.670432
34.415243
34.525994
32.379787
26.261318
20.140400
17.694405
20.503564
26.987860
33.411563
34.118215
32.353884
26.637069
20.704239
18.112813
20.534245
26.615183
32.856911
33.506787
32.317635
27.197393
21.539172
18.725385
20.566788
26.050285
32.027376
32.893993
32.258455
27.737202
22.373398
19.362797
20.637773
25.518716
31.210048
32.662127
32.230459
27.936120
22.688442
19.609784
20.674104
25.326122
30.904285
32.506318
32.215946
28.071847
22.896634
19.766788
20.687836
25.189235
30.697415
32.381738
32.205645
28.180597
23.061253
19.888717
20.694904
25.077334
30.531830
31.985934
32.160111
28.506164
23.566144
20.268043
20.720722
24.731880
30.013712
31.937490
32.149687
28.542461
23.629440
20.321705
20.733671
24.697241
29.952463
31.872509
31.905353
28.207242
23.317853
20.136712
20.696188
24.739604
29.962390
31.907950
31.917762
28.187810
23.277934
20.100425
20.685809
24.762041
30.005274
31.961277
31.936943
28.159167
23.218188
20.045671
20.669685
24.795268
30.069578
31.915408
31.921579
28.185195
23.270554
20.092953
20.683046
24.766104
30.014242
31.866337
31.906719
28.214940
23.327759
20.143420
20.696173
24.733625
29.954624
31.848583
31.903349
28.228151
23.350058
20.161690
20.699607
24.720384
29.932604
31.786779
31.883977
28.264885
23.421738
20.225443
20.716736
24.680043
29.857652
31.705777
31.860415
28.315284
23.517130
20.308897
20.737803
24.625571
29.758763
31.606293
31.831490
28.377259
23.634413
20.411506
20.763740
24.558648
29.637226
31.557299
31.823827
28.416021
23.697706
20.462175
20.772053
24.520335
29.575237
31.539883
31.825359
28.435221
23.724009
20.480592
20.772425
24.503452
29.551893
31.550572
31.836446
28.438638
23.718315
20.469997
20.764469
24.504288
29.562386
31.508191
31.824117
28.464986
23.768199
20.513653
20.775508
24.475836
29.510714
31.304148
31.752426
28.576302
23.997774
20.723304
20.836777
24.348780
29.265960
31.156629
31.707128
28.664746
24.168714
20.874229
20.875872
24.251048
29.086624
31.025566
31.665314
28.741525
24.319697
21.008938
20.912324
24.165986
28.928055
30.899556
31.622927
28.812779
24.463461
21.139078
20.949524
24.086491
28.776575
30.803620
31.591654
28.868393
24.574017
21.238531
20.977485
24.025339
28.660952
30.770780
31.588953
28.897565
24.618740
21.272750
20.981475
23.997531
28.618286
30.762847
31.592415
28.909852
24.633146
21.281193
20.979646
23.987320
28.606395
27.968202
29.145185
29.361114
28.270549
26.432299
24.913198
24.597827
25.724499
27.972915
29.152448
29.363486
28.264628
26.420032
24.900545
24.591101
25.726838
27.984856
29.170730
29.369371
28.249620
26.389102
24.868732
24.574287
25.732852
27.990639
29.176938
29.369413
28.242126
26.377523
24.859114
24.571590
25.738172
28.006744
29.200024
29.375715
28.221774
26.337803
24.819561
24.552027
25.747607
28.009331
29.199283
29.371995
28.218117
26.337142
24.822957
24.558070
25.753193
28.021340
29.210939
29.370802
28.202468
26.314647
24.805588
24.554883
25.765254
28.042114
29.236433
29.374418
28.175863
26.268867
24.763829
24.538332
25.781220
28.065530
29.264632
29.377937
28.145831
26.217926
24.717879
24.520723
25.799666
28.095671
29.300886
29.382459
28.107185
26.152358
24.658710
24.498001
25.823343
28.138489
29.354126
29.390801
28.052479
26.056904
24.570638
24.461863
25.855165
28.197297
29.428348
29.403534
27.977501
25.924273
24.446955
24.409552
25.897533
28.255957
29.503739
29.417755
27.902883
25.790155
24.320384
24.354267
25.938295
28.284590
29.540418
29.424590
27.866462
25.724820
24.258801
24.327446
25.958234
28.284781
29.539854
29.423724
27.866111
25.725470
24.260306
24.329134
25.959277
28.280502
29.533131
29.421281
27.871377
25.736925
24.272517
24.336094
25.957763
28.282854
29.535713
29.421317
27.868305
25.732183
24.268601
24.335043
25.960012
28.280883
29.532664
29.420212
27.870717
25.737433
24.274213
24.338270
25.959367
28.294029
29.550018
29.423908
27.854055
25.706775
24.244788
24.324851
25.968007
28.293001
29.548555
29.423479
27.855332
25.709338
24.247402
24.326226
25.967515
28.802983
30.213311
29.554030
27.203888
24.531221
23.131661
23.835319
26.322477
28.801989
30.212916
29.554653
27.205203
24.532479
23.132139
23.834760
26.321228
28.782503
30.196811
29.558927
27.230591
24.566350
23.156407
23.836887
26.301205
28.761368
30.178512
29.562759
27.258226
24.604323
23.184617
23.840837
26.280072
28.750118
30.155101
29.551700
27.272816
24.640977
23.225845
23.865975
26.276896
28.771099
30.146963
29.522696
27.245109
24.634825
23.248172
23.906305
26.313402
28.797132
30.146990
29.496410
27.210746
24.614864
23.256284
23.939148
26.352679
28.811096
30.147618
29.482896
27.192271
24.603324
23.259346
23.955645
26.373362
28.822130
30.147241
29.471364
27.177610
24.595183
23.263384
23.970137
26.390251
28.822316
30.141561
29.465688
27.177152
24.601640
23.274130
23.979854
26.393945
28.822486
30.137124
29.461226
27.176753
24.606655
23.282528
23.987478
26.396875
28.830025
30.138404
29.454823
27.166763
24.599264
23.282356
23.994797
26.407504
28.832373
30.135659
29.449766
27.163516
24.600634
23.288283
24.002413
26.412777
28.831117
30.131227
29.446713
27.165006
24.606836
23.296404
24.008424
26.413683
28.804285
30.104874
29.448305
27.199684
24.658659
23.338484
24.019329
26.389383
28.792497
30.092596
29.448313
27.214903
24.682294
23.358376
24.025377
26.379181
28.781634
30.082567
29.449582
27.228977
24.702540
23.374208
24.028714
26.368943
28.794560
30.094421
29.447981
27.212324
24.678773
23.355815
24.025123
26.381262
28.817125
30.113349
29.443466
27.183109
24.639207
23.326901
24.021726
26.403836
28.825395
30.119244
29.440794
27.172335
24.625883
23.318241
24.022217
26.412753
31.671211
31.960339
28.346346
23.415821
20.151453
20.545460
24.372512
29.529316
31.681046
31.964708
28.340761
23.402817
20.138150
20.539267
24.376615
29.540980
31.656506
31.953799
28.355315
23.436835
20.173538
20.556785
24.367621
29.512012
31.615717
31.929833
28.373805
23.492073
20.236803
20.593952
24.359928
29.466325
31.595341
31.914159
28.379725
23.519583
20.272257
20.618581
24.361250
29.445096
31.606441
31.902694
28.358430
23.503769
20.273221
20.637449
24.388184
29.465338
31.605293
31.883805
28.342318
23.504140
20.292879
20.667340
24.412805
29.471875
31.547969
31.840124
28.358729
23.580077
20.390202
20.734109
24.414845
29.411807
31.468376
31.790462
28.391571
23.686300
20.514662
20.809530
24.402761
29.323676
31.444683
31.765890
28.392286
23.717039
20.561025
20.847257
24.412430
29.301710
31.392054
31.733003
28.413872
23.787115
20.643191
20.897065
24.404440
29.243445
31.332095
31.698489
28.441207
23.867269
20.734079
20.949294
24.391396
29.175772
31.276211
31.670569
28.470633
23.942406
20.814816
20.991406
24.373513
29.110837
31.250166
31.664365
28.491045
23.979118
20.847495
21.001835
24.356770
29.077576
31.114009
31.603543
28.569103
24.162233
21.036627
21.092593
24.303128
28.916192
31.032665
31.566926
28.615378
24.271343
21.149521
21.146908
24.271256
28.819879
31.012764
31.563447
28.631820
24.298732
21.172243
21.151949
24.256196
28.793857
31.010780
31.569186
28.639126
24.302197
21.169031
21.143270
24.246630
28.788553
31.097540
31.618439
28.598580
24.185751
21.037909
21.068661
24.266385
28.886452
31.079958
31.607850
28.605945
24.208719
21.064361
21.084132
24.262873
28.866785
33.075679
32.334370
27.257867
21.394767
18.298633
19.877066
25.197348
31.298052
33.102431
32.336743
27.234948
21.360996
18.274760
19.878160
25.223421
31.334724
33.148405
32.340975
27.195497
21.302501
18.232966
19.879234
25.267690
31.397631
33.202422
32.340588
27.139864
21.223574
18.176257
19.877577
25.320719
31.473585
33.330138
32.343030
27.013804
21.042646
18.046048
19.874741
25.445096
31.651943
33.488541
32.347641
26.860398
20.821823
17.887620
19.872924
25.599648
31.872788
33.662353
32.349181
26.686541
20.574274
17.710818
19.871001
25.771218
32.116884
34.019649
32.353611
26.331400
20.068299
17.350062
19.868873
26.124682
32.618859
34.589454
32.358694
25.762523
19.260424
16.776112
19.868828
26.692014
33.421641
35.632435
32.370175
24.725860
17.788987
15.733613
19.875517
27.734469
34.892602
35.460493
32.368548
24.901451
18.041064
15.917241
19.884196
27.567370
34.649411
34.918230
32.361040
25.438979
18.805476
16.459809
19.881925
27.026371
33.884560
34.377729
32.343941
25.957927
19.549376
16.987766
19.875757
26.490407
33.127111
33.921544
32.330776
26.398616
20.181249
17.437581
19.873831
26.039740
32.488235
33.589722
32.316499
26.712812
20.636524
17.764540
19.876178
25.716995
32.026652
33.316973
32.300592
26.965471
21.006891
18.033020
19.881290
25.456030
31.649862
33.100068
32.286096
27.164571
21.301260
18.248489
19.888698
25.251584
31.351609
32.947013
32.276909
27.308393
21.514585
18.406893
19.899028
25.109862
31.141265
32.868189
32.272166
27.383011
21.625765
18.490254
19.906006
25.037875
31.033120
0.000061
0.000005
0.061307
0.377905
0.947906
0.997735
1.000000
1.000000
0.999997
1.000000
1.000000
1.000000
1.000000
1.000000
1.000000
1.000000
1.000000
1.000000
1.000000
1.000000
5.814555
6.880861
8.130287
9.588365
11.282848
13.244363
15.508229
18.117797
21.130493
24.628826
28.740658
33.681885
39.860299
48.193162
61.578502
65.092230
55.269079
50.626081
48.350041
-20.407667
-23.562195
-27.825150
-34.114501
-45.338268
-44.051437
-31.547922
-23.985519
-18.464643
-14.123041
-10.588721
-7.648523
-5.178548
-3.104488
-1.379214
0.027117
1.130106
1.937886
2.464559
-12.765064
-13.003839
-13.188650
-13.310999
-13.362953
-13.336127
-13.167367
-12.986422
-12.792853
-12.558204
-12.318691
-12.064891
-11.823351
-11.383655
-10.896290
-10.633932
-10.476672
-10.330058
-10.005872
-9.904440
-8.751650
-8.833783
-8.906040
-8.968272
-9.020528
-9.063087
-9.096490
-9.121535
-9.139211
-9.150579
-9.156669
-9.158453
-9.156865
-9.152816
-9.147192
-9.140829
-9.134482
-9.128812
-9.124356
-9.121517
47.654755
45.875416
42.914303
39.126262
34.895171
30.523733
26.211877
22.078704
18.191049
14.585203
11.280667
8.288303
5.615623
3.270637
1.246060
-0.730515
-2.482430
-3.912672
-5.104991
-6.111388
-7.090692
-7.833418
-8.428064
-8.898081
-9.269486
-9.559167
-9.776219
-9.930816
-10.031512
-10.083381
-10.091198
-10.063940
-10.009929
-9.935327
-9.844746
-9.741737
-9.629084
-9.509005
-9.383291
-9.253402
19.545346
22.664788
26.892167
33.144429
44.320440
42.976883
30.473486
22.931525
17.468994
13.186953
9.693440
6.786835
4.353163
2.323888
0.655801
-0.679425
-1.700962
-2.421974
-2.851205
-6.321504
-7.416961
-8.701150
-10.200925
-11.945582
-13.967776
-16.305799
-19.008819
-22.146430
-25.805751
-30.078881
-35.161373
-41.472370
-49.940214
-63.481810
-67.284875
-57.572275
-53.005267
-50.741530
-12.186884
-12.902306
-13.642485
-14.400527
-15.163673
-15.925100
-16.970240
-18.120936
-18.964224
-19.886864
-20.745053
-21.524564
-22.181647
-23.035686
-24.108050
-24.706050
-25.021613
-25.286601
-25.711284
-25.993977
-10.461818
-10.771906
-11.081191
-11.388447
-11.692458
-11.992054
-12.286090
-12.573328
-12.852256
-13.120944
-13.377079
-13.618141
-13.841607
-14.045059
-14.226241
-14.383107
-14.513876
-14.617082
-14.691595
-14.736616
-2.993730
-5.436515
-8.173875
-11.212240
-14.553815
-18.195224
-22.124494
-26.314941
-30.713851
-35.223566
-39.674457
-43.798147
-47.229680
-49.584286
-50.617277
-50.323605
-48.969036
-46.958923
-44.658880
-42.213183
-39.387598
-36.939768
-34.666690
-32.547550
-30.558779
-28.707393
-27.012620
-25.471082
-24.075240
-22.842788
-21.768995
-20.805262
-19.921469
-19.103924
-18.344909
-17.638850
-16.981034
-16.367187
-15.793366
-15.255957
13.644200
14.474117
15.340980
16.241886
17.172735
18.128089
19.101027
20.083049
21.064069
22.032480
22.975384
23.878986
24.729119
25.511930
26.214560
26.825771
27.336406
27.739538
28.030373
28.205919
6.662319
7.843107
9.225464
10.836987
12.707288
14.868858
17.359406
20.226848
23.534365
27.344921
31.734831
36.919697
43.332986
51.907577
65.562918
69.614922
60.025392
55.570756
53.414770
-22.024540
-25.491938
-30.191460
-37.150969
-49.625549
-47.981764
-31.944718
-25.040103
-19.614444
-15.502402
-12.272500
-9.795367
-6.676644
-3.179377
-1.348648
-0.399790
0.354142
1.612844
2.250431
-13.612254
-13.862269
-14.054742
-14.182000
-14.238460
-14.221506
-14.132198
-13.975632
-13.760665
-13.498974
-13.203769
-12.888742
-12.567330
-12.252267
-11.955244
-11.686592
-11.455081
-11.267817
-11.130242
-11.046185
28.264598
29.720854
31.307229
33.036740
34.921812
36.972275
39.191599
41.570062
44.072850
46.620782
49.063250
51.151876
52.543854
52.879822
51.924232
49.381363
45.732047
41.518566
37.060980
32.456335
27.174799
22.596490
18.335616
14.361671
10.644758
7.213252
4.117170
1.362575
-1.052152
-3.086230
-4.739736
-6.099220
-7.227188
-8.159738
-8.922823
-9.538195
-10.025265
-10.401654
-10.683313
-10.884524
13.477426
13.734363
13.938135
14.081714
14.160034
14.170707
14.114483
13.995408
13.820610
13.599784
13.344457
13.067152
12.780612
12.497118
12.227990
11.983269
11.771497
11.599648
11.473099
11.395660
21.372104
24.596684
28.933639
35.300544
46.604829
45.485139
33.066529
25.583193
20.114077
15.793570
12.281738
9.384624
6.986274
5.017611
3.432434
2.192301
1.261570
0.621838
0.277141
-5.552108
-6.584418
-7.797289
-9.215192
-10.859530
-12.785072
-15.950919
-19.472033
-22.488148
-26.139570
-30.113512
-34.753209
-40.246721
-54.617613
-78.493444
-80.839710
-70.841257
-58.768357
-55.823226
-13.452173
-14.296475
-15.184187
-16.114030
-17.083844
-18.090315
-19.128484
-20.191001
-21.267447
-22.344164
-23.404864
-24.431620
-25.405895
-26.309397
-27.124924
-27.837283
-28.434044
-28.905909
-29.246583
-29.452266
11.369596
11.276283
11.119982
10.888460
10.567775
10.142273
9.594684
8.906379
8.057806
7.029157
5.801293
4.356983
2.682508
0.767847
-1.419209
-4.294752
-7.635095
-11.310646
-15.383939
-19.964820
-25.699585
-31.061272
-36.430681
-41.694441
-46.626185
-50.836211
-53.892663
-55.530409
-55.700292
-54.608960
-52.581848
-50.004050
-47.210604
-44.417557
-41.742919
-39.242273
-36.935117
-34.821332
-32.890885
-31.129363
10.980064
11.320071
11.659907
11.997964
12.332490
12.661603
12.983309
13.295521
13.596086
13.882812
14.153508
14.406018
14.638261
14.848270
15.034227
15.194491
15.327636
15.432463
15.508026
15.553640
12.521510
13.296734
14.110807
14.962162
15.848248
16.765336
17.708419
18.671654
19.650021
20.635719
21.601829
22.518653
23.368633
24.136778
24.809146
25.375598
25.832460
26.182163
26.423394
26.546299
5.645362
6.651947
7.826171
9.184314
10.732940
12.502740
15.272789
18.764186
21.710790
25.403016
29.473892
34.153156
39.633469
53.520599
77.194060
79.451459
69.374971
56.857578
54.085982
-20.204625
-23.349866
-27.601014
-33.873703
-45.061231
-43.706337
-31.166827
-23.563830
-18.014704
-13.623809
-10.004984
-6.964063
-4.394328
-2.234048
-0.446139
0.992621
2.097657
2.879652
3.345932
15.568891
16.099173
16.662767
17.262748
17.902537
18.585938
19.317175
20.100915
20.942284
21.846842
22.820500
23.869283
24.998850
26.214622
27.536988
29.212133
31.114100
33.174405
35.438220
37.969022
41.117766
44.030129
46.877393
49.537948
51.799530
53.326443
53.746291
52.817444
50.503279
47.065038
42.839049
38.151779
33.318993
28.565513
24.026115
19.774316
15.846361
12.256722
9.007240
6.092185
9.156629
9.242027
9.317429
9.382748
9.438066
9.483641
9.519905
9.547455
9.567039
9.579534
9.585924
9.587262
9.584642
9.579164
9.571893
9.563834
9.555895
9.548859
9.543362
9.539872
13.287232
13.512822
13.679148
13.778684
13.806124
13.759132
13.638790
13.449602
13.199760
12.904613
12.584778
12.253595
11.921412
11.599363
11.297887
11.025635
10.789314
10.594702
10.449141
10.360379
21.838458
25.259205
29.898358
36.776419
49.135613
46.950559
30.842381
23.838394
18.421254
14.362071
11.113605
8.528948
4.545306
0.625413
-1.293079
-2.388125
-3.283307
-5.268795
-5.530362
-6.268481
-7.415218
-8.758163
-10.324228
-12.142035
-14.241958
-16.657014
-19.425555
-22.597643
-26.247608
-30.496679
-35.557129
-41.835275
-50.248629
-63.696379
-67.298971
-57.498853
-52.873163
-50.606419
9.538676
9.675978
9.809721
9.938537
10.060783
10.174485
10.277276
10.366328
10.438255
10.489012
10.513760
10.506698
10.460814
10.367285
10.212464
9.943652
9.563587
9.060651
8.407981
7.560555
6.361040
5.102296
3.651099
1.983189
0.100182
-1.969681
-4.199241
-6.590113
-9.161308
-11.894153
-14.819482
-18.017200
-21.507982
-25.275876
-29.283298
-33.463171
-37.697894
-41.790078
-45.439765
-48.265579
18.553819
19.745748
21.043576
22.459935
24.009596
25.709908
27.581516
29.649284
31.943593
34.502298
37.373445
40.619524
44.324329
48.604271
53.628698
59.659062
67.131641
76.862463
90.681212
114.417737
1.484517
1.589410
1.701091
1.819339
1.943692
2.073491
2.207970
2.345807
2.480425
2.590659
2.671605
2.751031
2.844109
2.954993
3.085162
3.232556
3.387781
3.534525
3.674655
3.843594
-16.972493
-18.084701
-19.298231
-20.623941
-22.069778
-23.669467
-26.161880
-28.855775
-31.082146
-33.678026
-36.384213
-39.361191
-42.576293
-49.632397
-58.671817
-64.826514
-70.917141
-80.708794
-112.464424
-133.023649
-22.253087
-23.226418
-24.244989
-25.309637
-26.420755
-27.577961
-28.779481
-30.021211
-31.295781
-32.592061
-33.895367
-35.187872
-36.448916
-37.655130
-38.780722
-39.798256
-40.679888
-41.398936
-41.931724
-42.259486
113.177570
88.098025
72.852586
61.596700
52.497582
44.735592
37.870451
31.636359
25.858962
20.416520
15.220147
10.203764
5.316990
0.467829
-5.198934
-11.280275
-17.608382
-24.468762
-32.231855
-42.268123
-52.224969
-63.279708
-75.860532
-90.478669
-108.270669
-265.233691
-132.547618
-106.454727
-91.038133
-80.442114
-72.513522
-66.250575
-61.120467
-56.809799
-53.119347
-49.914321
-47.098863
-44.602122
22.764464
23.715170
24.702612
25.725778
26.782912
27.871336
28.987245
30.125461
31.279175
32.439659
33.595984
34.734791
35.840127
36.893480
37.874017
38.759153
39.525557
40.150508
40.613596
40.898510
18.727027
19.987031
21.365523
22.876912
24.537873
26.367973
28.390834
30.636268
33.140923
35.931497
39.022863
42.481549
46.414885
50.957495
56.295021
62.703947
70.626301
80.853779
95.141286
118.865670
-0.563201
-0.637556
-0.727813
-0.841088
-0.989445
-1.193792
-1.606810
-1.748916
-1.903103
-1.963900
-1.984051
-2.075144
-2.254192
-3.236539
-3.776969
-3.920892
-4.101358
-4.246032
-4.942606
-4.493231
-19.030241
-20.293058
-21.670558
-23.176178
-24.825175
-26.634649
-28.623636
-30.813566
-33.229712
-35.904181
-38.880147
-42.217113
-45.997698
-50.338528
-55.410154
-61.475547
-68.972884
-78.720272
-92.548969
-116.321152
40.994703
43.025509
45.286122
47.823235
50.698515
53.995658
57.832177
62.380304
67.907003
74.858943
84.071278
97.410318
120.783038
121.170432
94.814668
78.098421
66.370094
56.862499
48.453242
39.499547
31.914234
24.829218
18.073245
11.529599
5.201706
-0.862857
-6.692416
-12.343466
-17.786273
-23.101923
-28.536454
-34.264542
-40.430946
-47.215777
-54.887289
-63.888317
-75.041436
-90.182682
