33.2437976713955
32.7897038501460
28.2469135313900
22.7685537332037
19.5351916523986
20.6574641170369
25.5400700797769
31.4094872446654
33.2935909693973
32.7995253702988
28.2363921305984
22.7611212346633
19.5171760422495
20.6674474512681
25.5693264290383
31.4311523394170
33.3141155565178
32.7881769760779
28.2063503448980
22.6594839241343
19.4523659713361
20.6496741307732
25.6224983865133
31.5298973528916
33.4449279377031
32.7838439300992
28.0767038513338
22.4668065907521
19.3243977146710
20.6547261719624
25.7476279563176
31.6762692989303
33.5842202954183
32.7679580130558
27.8873631583801
22.2619568029282
19.1627379053946
20.6480667168083
25.9008349854010
31.8866908358115
33.8368295755391
32.7733165295839
27.6811330673917
21.9113915859664
18.9131982008268
20.6613844870380
26.1288882098079
32.2502410728753
34.2804636566904
32.7868237329761
27.2427924717801
21.3009415909113
18.4808098295638
20.6557279925851
26.5606215067190
32.8649383030828
34.7731403408625
32.7783517881276
26.7397781559773
20.5846775613881
17.9680003570495
20.6697205746417
27.0757102702111
33.5807111021788
35.5353091189550
32.7706663113318
25.9867170968936
19.5137859816274
17.2273431826668
20.7015725722400
27.8061549811853
34.6219577678370
36.8406528148941
32.7680951042542
24.6659105076343
17.6223213103066
15.8994312407491
20.7026119390986
29.1440242484338
36.4870304651219
36.1492411015064
32.6980668437398
25.2851071105346
18.5785799908997
16.5912673404365
20.7318402441585
28.5048418816507
35.5271938485962
34.5874297008640
32.6448035606852
26.7527564722110
20.7097927471602
18.1383355403223
20.7524949125262
26.9727020932930
33.3666073102458
34.0809950557463
32.6187257708215
27.2321853384607
21.3804642115854
18.6346407552975
20.7211466791767
26.4930059283314
32.6601627107001
33.8835832079465
32.6264947343787
27.4344726532117
21.6869776312360
18.8460848778298
20.7319707646424
26.2758224473056
32.3764451125266
33.6398419432801
32.6149254471162
27.6838795386974
22.0376494980000
19.1013559662272
20.7207290000064
26.0498670177403
32.0180815451474
33.4679870803073
32.6271531889423
27.8652567197792
22.2853931974201
19.2702048441890
20.7418923059075
25.8830012461789
31.7672982806721
33.3042994145816
32.5936268370009
27.9828675000223
22.4854551347484
19.4027114297720
20.7539957465091
25.7392648406367
31.5736677988224
33.1893562205657
32.6190719227834
28.0736347941060
22.6151823396967
19.5087868979275
20.7469050456503
25.6294408763155
31.4413134902840
33.1537053348843
32.5966109369483
28.0973419834434
22.6697264289068
19.5299526426412
20.7605882942263
25.6133376010146
31.3875157214836
31.2666792891397
32.1837233641544
29.3973558528213
24.8723098252049
21.3183316983621
20.9979958576843
24.1246452894395
29.0009457096928
31.2656234640226
32.1843287375636
29.3757387169876
24.8973949969212
21.3400939759289
20.9863523515924
24.1145818164065
28.9997723196945
31.3013816588577
32.2203511606163
29.3636259557868
24.8145243284419
21.2707610270716
20.9681461083307
24.1442745360443
29.0510627941893
31.3667281534685
32.2407898909586
29.3415804698338
24.7759382161156
21.2030330552913
20.9450082955644
24.1670899062007
29.1184401306104
31.5202828334594
32.2798139065351
29.2333616131673
24.6060195870912
21.0816254314105
20.9181563444646
24.2856007880210
29.3011319364986
31.6635689237865
32.2735304562443
29.1087279035585
24.4074356279021
20.9557807668673
20.9322391443568
24.4319228666161
29.5088089035709
31.7693722726300
32.2541933245643
29.0140962183113
24.2668686191915
20.8571357494210
20.9513164633552
24.5468740632406
29.6308381422904
31.8121126232720
32.2565784536567
28.9490298862319
24.2172200359466
20.8091847065384
20.9525738494989
24.5904479545097
29.6928428766854
31.8525946048246
32.2498432977007
28.9254687251442
24.1419347525749
20.7737238658711
20.9831475729812
24.6568707914689
29.7592517354904
31.8747144029602
32.2501567218355
28.8779915896428
24.1023866825393
20.7500113635422
20.9726172191290
24.6818229420943
29.7957072109317
31.9073863907767
32.2486179390606
28.8508088244972
24.0619442449340
20.7284346904136
20.9388822265860
24.6991478535913
29.8565714840639
31.9222369860102
32.2604092816267
28.8388312100136
24.0413549423629
20.7181425216751
20.9605244398585
24.7245086052018
29.8838324635060
31.9574764777464
32.2505187361349
28.8048773088730
24.0101298626999
20.6984044701262
20.9837888755741
24.7465899125828
29.8977124541624
31.9995439088660
32.2290984602950
28.8150244568046
23.9850206370061
20.6855256081959
20.9633833552501
24.7658196543579
29.9274793583623
32.0574831569122
32.2579779930215
28.7544603432642
23.8857095280033
20.6021249004842
20.9683725588866
24.8247585996718
30.0316063350424
32.1000927711082
32.2784479226340
28.7296875615743
23.8462092219360
20.5520021147861
20.9633982593349
24.8474894984908
30.0656278108539
32.1250702726565
32.3002518369741
28.7170580117387
23.8395655122831
20.5481188945856
20.9488036325706
24.8565983889689
30.0907694635825
32.0979550187053
32.2684996961132
28.7307043806336
23.8420465282310
20.5798329801445
20.9630981630239
24.8435276208348
30.0593036278684
32.0169441607930
32.2725377232268
28.7305626508003
23.8871781969336
20.6173123371030
20.9609071901643
24.8222139062142
30.0135247780568
32.0390753254521
32.2530014087462
28.7599657762317
23.9227013335032
20.6377546999847
20.9823805707993
24.8231108842599
29.9927996213208
28.6003329854385
30.0102967340531
29.3628764453758
27.1429881359449
24.5337100555019
23.1457091519729
23.8486787926205
26.3249632714924
28.5867525635732
29.9900183008732
29.3838582487413
27.1485993662425
24.5560541855526
23.1591983094296
23.8339713844106
26.3104816973407
28.5980440540084
30.0267396171052
29.3789680923901
27.1218965002600
24.5226885531658
23.1200865313537
23.8425544238230
26.3279493500347
28.6859527870918
30.0649506538733
29.3623631349682
27.1013632693173
24.4566756212419
23.0934894482012
23.8468870407332
26.3850083402881
28.6935665305060
30.0940530014655
29.3809066284822
27.0722831212083
24.4393823412063
23.0725308859272
23.8588855278538
26.4132901313785
28.7196125381634
30.0762842664861
29.3935839294856
27.0315646991123
24.4004115972231
23.0628196695515
23.8649409699673
26.4356057378720
28.7664538541755
30.1185731005278
29.3781165849150
26.9864688430999
24.3590866846729
23.0365422313995
23.8774343995787
26.4815912725404
28.8503995904537
30.1802610971754
29.3419950492551
26.9240758224487
24.2465940672371
22.9724945941204
23.8980761334095
26.5675194594075
28.9399804363879
30.2549876275753
29.3350544085750
26.8547697590825
24.1723156114494
22.9135470050941
23.9039462800499
26.6716922267986
28.9809121522149
30.3033706546050
29.3553990440335
26.8076374577994
24.0837722573804
22.8752694913438
23.9138040571515
26.7152547058145
29.0454269008336
30.3197116638437
29.3328535441313
26.7448570266594
24.0049343591583
22.8335910057585
23.9283300171073
26.7866856033364
29.1164544864172
30.3829698705538
29.3235677897748
26.6818583561432
23.9433570498926
22.7813265859133
23.9506913645203
26.8406903695920
29.1758215071814
30.4224842481171
29.3493961675149
26.6509844706804
23.8820328407105
22.7260620092842
23.9467368899590
26.9014935136852
29.1771061186917
30.4271091358351
29.3361445818472
26.6256710669847
23.8634889018468
22.7242946064359
23.9457334110571
26.9083311687998
29.2907223519407
30.5181771769377
29.3564691545028
26.5505142382833
23.7609579377172
22.6349767852043
23.9621064703775
27.0112744913829
29.3520974250881
30.5724483079565
29.3155227838725
26.4813555685048
23.6547248640236
22.5972204449704
23.9787690128085
27.0725748577121
29.3607322300464
30.5775194010353
29.3272436769048
26.4933886699580
23.6538380526132
22.6028466689665
23.9640203349081
27.0984009965728
29.3394544150939
30.5712133336672
29.3378780877428
26.4773124106995
23.6622576847422
22.6004821129817
23.9621301387001
27.0614196799755
29.2601432146113
30.4927581774056
29.3150368099345
26.5669765022481
23.7643409049327
22.6890656262052
23.9573763374926
27.0013408944408
29.2689717343823
30.4949466887471
29.3159564968499
26.5445723633982
23.7597583331924
22.6625278596760
23.9693232934137
27.0264968850809
27.7126808699216
28.9356600528196
28.9841894762971
27.7024419601031
25.7380703811665
24.2696626832591
24.1477379870090
25.5708068151862
27.7164224682233
28.9444349653014
28.9835077964708
27.6994835767388
25.7450323278431
24.2463404136739
24.1522557816391
25.5815949849541
27.7320889689322
28.9718459790482
28.9884603407111
27.6891223678691
25.7202500203247
24.2282410795124
24.1580204139157
25.5886384255526
27.7136124022830
28.9374922069361
28.9969598257965
27.6986338255295
25.7255680716094
24.2495297598938
24.1484370342309
25.5918059013488
27.7156314471702
28.9495505218887
28.9830806244370
27.7200893522781
25.7239163496981
24.2325400091731
24.1403261885533
25.5739545654376
27.7125259070353
28.9453323012172
28.9798926643997
27.6957443443572
25.7367976620384
24.2567902898469
24.1697465589929
25.5993536255173
27.6950964389540
28.9104024548372
28.9833433146695
27.6751286131627
25.7461035691144
24.2638667948584
24.1810846807817
25.5808878574598
27.6940917693539
28.9221700967258
28.9681680485189
27.6967474520942
25.7519421948992
24.2662090661981
24.1697090036080
25.5631053076338
27.6783051565593
28.9163441588507
28.9510049680497
27.6975907827794
25.7821402232890
24.2934758899438
24.1862946571210
25.5671293402843
27.7072050186426
28.9169903458493
28.9541358491736
27.6839150269164
25.7525109169866
24.2861233118735
24.1714255864440
25.5743112568520
27.7203754523521
28.9224260285599
28.9725227891077
27.6786767988249
25.7555106572801
24.2684584951501
24.1741387779464
25.5993393782356
27.7253132772503
28.9433892948180
28.9900969061086
27.6826999349955
25.7168359615627
24.2568924073736
24.1617342369885
25.6115258501935
27.7391074906844
28.9246998433140
28.9760425306900
27.6891426778066
25.7280587132328
24.2754195671012
24.1707488751420
25.5894648031534
27.6546620572117
28.8725929293274
28.9401914330256
27.6999530773323
25.7971991039029
24.3207161441636
24.1984340180140
25.5515833427007
27.6431211000136
28.8322460690375
28.9198442888813
27.7081593994090
25.8169877063171
24.3640577508390
24.2058948946237
25.5434210084640
27.6368354942117
28.8100631943623
28.9017356284617
27.7265856989023
25.8613045769399
24.4031455452206
24.2342486427611
25.5466930866004
27.6106276058728
28.7914293268644
28.8806260848431
27.7261843058978
25.9071973465428
24.4261728828723
24.2424974503986
25.5295826707981
27.5940680873263
28.7713763344568
28.8788672153957
27.7339557028877
25.9009580146169
24.4583059609754
24.2392447884052
25.5148557467559
27.6109983880317
28.7702804169842
28.8803207716423
27.7443467625141
25.9048283244869
24.4442211744660
24.2575586150642
25.5256898535563
27.6003177649651
28.7760738878030
28.8882068782479
27.7171001579445
25.8877042327745
24.4189439992538
24.2484351674231
25.5360309194919
31.2702068504514
32.2134439263196
29.4875465678154
25.0126186523406
21.5336156681118
21.1733269550638
24.2991252323182
29.0712047666929
31.2947426777952
32.2064696767273
29.4600077221047
24.9983302808967
21.4919161627973
21.1824431884922
24.3383576667636
29.1074257321369
31.3593870876006
32.2351804294341
29.4307112388894
24.9263308141464
21.4504182521168
21.1711804493261
24.3528549375757
29.1545917726353
31.3945394749246
32.2475746591045
29.4152094953529
24.8703458771038
21.4256633259954
21.1247667648904
24.3793542795420
29.2012007440919
31.4660407175034
32.2723565141906
29.3670604797445
24.7725656492519
21.3188050352672
21.1215609392417
24.4368438088452
29.3058526831834
31.5079118076054
32.2707620708637
29.3624607247319
24.7565575963904
21.3043942165333
21.1241977882733
24.4476741399706
29.3410867875250
31.5619220808350
32.2655573108297
29.2810633856000
24.6454502193605
21.2120488686452
21.1123617227837
24.5198561323326
29.4414153443046
31.6670406400288
32.2968091747232
29.1952152008098
24.5243178544916
21.1011262951358
21.0868582135544
24.5857284418208
29.5569203731680
31.7959770831860
32.3140731093553
29.1096634405574
24.3492243859652
20.9949451233036
21.0603223070051
24.6921733326690
29.7143377980068
31.9347519805845
32.3515495189786
28.9986345677141
24.1572624499851
20.8025070698607
21.0118783223046
24.7717772667843
29.8977407058857
32.1286204907447
32.3838688926696
28.8304473687061
23.9163266742874
20.6010611111155
20.9653257751626
24.9334098011801
30.1344562053497
32.3990400029305
32.4513264119995
28.6506155441666
23.5531985273237
20.3005504024876
20.8802371836707
25.0939255384950
30.4594763181359
32.6635901563949
32.5025215578766
28.4544818615574
23.2053614794526
19.9954267320001
20.7676916220406
25.2646344077054
30.7798626384052
32.7679204923229
32.5391503281169
28.3603205221964
23.0707639779197
19.8480902678165
20.7563556772197
25.3435038452966
30.9455351733631
32.7663112334644
32.5398969902379
28.3691668676752
23.0532905346511
19.8471177978658
20.7452165710725
25.3773361318514
30.9732744273294
32.7639780059970
32.5225019839578
28.3828117147432
23.0663424378183
19.8726589063678
20.7809267737707
25.3411228019889
30.9124164604577
32.7785108370020
32.5383663799815
28.3629484215786
23.0626668439164
19.8764674059616
20.7796884778835
25.3579033042961
30.9541497207332
32.7683484737183
32.5264125743148
28.3553399420911
23.0751937093888
19.8728557740070
20.7749883452669
25.3515925249780
30.9205818552522
32.8248808635527
32.5464356087520
28.3392592787729
23.0021150407033
19.8201700457915
20.7459072324746
25.3857317350288
30.9932001322713
32.8239088062305
32.5736828112764
28.3376677203692
22.9923273589785
19.8234773375448
20.7440526968992
25.3782382990858
31.0075794231551
32.3861749447982
32.7450698588071
28.8704783513808
23.4727522463573
19.8893716028442
20.3147979779538
24.6859733624412
30.3834640225383
32.4114423941342
32.7290202281814
28.8455035720518
23.4485703477822
19.8714422391278
20.3325353537811
24.6924479255052
30.3736411924912
32.4608012795996
32.7543521100858
28.8162844083406
23.3631429192858
19.8049569684035
20.3182897820269
24.7253412898794
30.4571702728501
32.6819918034997
32.7854209871173
28.6408126353465
23.1061901711809
19.5891032735224
20.2798437728947
24.9070354548358
30.7100917076390
33.1451836688052
32.8283845187839
28.2256720149571
22.5070199859100
19.1382562874141
20.2687883308981
25.3321554088458
31.3400422958527
33.6310049932172
32.8417101730311
27.7730472198494
21.8573507014376
18.6859743515537
20.2906712384067
25.7832683732093
31.9740586406580
33.9607289851135
32.8168017320596
27.4484322112002
21.4038214152753
18.3960481660687
20.2791211146071
26.1348837899770
32.4345741546679
34.0986565709315
32.8081840537264
27.2642465153947
21.1816035476202
18.2771452784159
20.3350246463288
26.2836321874091
32.6341623575783
34.2450015368021
32.7932919647872
27.1254437693330
20.9751392549067
18.1160008827847
20.3504295781857
26.4492186513245
32.8616333343646
34.3563826498364
32.7725690635100
26.9956193487004
20.8065054993266
18.0197251386240
20.3533037845565
26.5768601478526
33.0262606101587
34.5185209711264
32.7864310521757
26.8516307215505
20.5982815326957
17.8693219673360
20.3466494758461
26.7561889575087
33.2444937481120
34.7807548096970
32.7639205954065
26.5603403561411
20.2314523950448
17.6363688398508
20.3602395633868
27.0058480264014
33.6202890792725
35.1670220282240
32.7775294566635
26.1538084108254
19.6659238083836
17.2161780126777
20.3917918208255
27.4146457183188
34.1940023622436
35.1241417715009
32.7695907528130
26.2229983950435
19.7206745823816
17.2873637539156
20.3943163751947
27.3828030771330
34.1400885054082
34.6434068281636
32.7512195660292
26.6936469676111
20.4256152569596
17.7761053171995
20.3937778479226
26.8937726413359
33.4443552847557
34.4830123071256
32.7600472994934
26.8391597809396
20.6443108689524
17.9221252741595
20.3989246534902
26.7403568635012
33.2249386927539
34.3214469445191
32.7597291573303
27.0388760381311
20.9163891628324
18.1199525918882
20.4078355116002
26.5593727904531
32.9365879482658
34.0993376395961
32.7527496097813
27.2352024762304
21.1914730455686
18.3346335775266
20.3944046238923
26.3344048164718
32.6598128644813
34.0308517176753
32.7483695443341
27.3224869943625
21.3028525278937
18.4219611595178
20.4079788817384
26.2742390125655
32.5333623177660
29.8675264281822
31.0187604573452
29.2520309891505
25.7919314012699
22.6877430139629
21.8741204794167
23.9218264715755
27.6517119834535
29.8438738648570
31.0065960807858
29.2701092685411
25.8125647317967
22.6867878007383
21.9016441185238
23.9399817796251
27.6507740750022
29.8906969347068
31.0244804572930
29.2581057057578
25.7480129474578
22.6502201700687
21.8662911713672
23.9449324418216
27.7017674736305
29.9741523202794
31.0656870286448
29.2169915198790
25.6847746759623
22.5665290983599
21.8340045904287
23.9822510197070
27.7803502149467
30.0259742611456
31.0976881718747
29.2315587781834
25.6144706333749
22.4979840606506
21.8193620229546
24.0104634605324
27.8363948837691
30.1136813491205
31.1137165042075
29.1576860368445
25.5353235620175
22.4433216990391
21.7716788596769
24.0451318046410
27.9074359757081
30.1742245524497
31.1273847181149
29.1225389156919
25.4656658239519
22.3764201031691
21.7684773628550
24.1158116580795
28.0032519236788
30.3103309869654
31.1805798700463
29.0372627729937
25.2966839757278
22.2386982901658
21.7132440648458
24.1676973879712
28.1777837830129
30.4435147116216
31.2564958716485
28.9762601075805
25.1526254070797
22.0544975064388
21.6666316412808
24.2700206094249
28.3481068933985
30.5371039657946
31.2797536871340
28.9393009807979
25.0632954954681
21.9991209288454
21.6285283150238
24.2961574781434
28.4306442496046
30.6188114658052
31.3319423671142
28.9197114934139
24.9447096574852
21.8989564026334
21.5855222084664
24.3635110820961
28.5571491150002
30.7065215702964
31.3871948447839
28.8398090154776
24.8537401897502
21.8037022920248
21.5618998875247
24.4251566581301
28.6852685787760
30.8022701772482
31.3859733379163
28.8160600700663
24.7613508998843
21.7020074663548
21.5153400518546
24.4404208889508
28.7672522965571
30.8239865260687
31.4199398433826
28.8240147500452
24.7534982141876
21.6820544098706
21.5203021648620
24.4580922602108
28.7732974212149
30.9939609302710
31.4991286947998
28.7443683148000
24.5836604546126
21.5078255359083
21.4360627945516
24.5250362745500
28.9655489469191
31.0848583456988
31.5494865137403
28.7216988495648
24.4829502031184
21.4014513375606
21.4046478171040
24.5787100695099
29.0537070141621
31.1080155842981
31.5518195245274
28.7164414963751
24.4672919934129
21.3927026313489
21.3816322530905
24.5690620545424
29.0821372632391
31.0769787025114
31.5570280230115
28.7432494652205
24.4719346655807
21.4168824067783
21.3991211531453
24.5606085372549
29.0312924836127
30.9153083104826
31.4816938346975
28.7845432867134
24.6584868988788
21.5716005519528
21.4498119760421
24.4938150028187
28.8874690715170
30.9628495721592
31.4675841039703
28.7628434759528
24.6157085350199
21.5590033692570
21.4523189266487
24.5109325480878
28.8855763341752
28.5030015077940
29.8608640468329
29.2251363039853
26.9187177690169
24.3262206357776
23.0151146864682
23.8135625332175
26.3275364434604
28.5447738726599
29.8761993834838
29.1964585509874
26.9086907817871
24.3155806770155
23.0193418213090
23.8384205175284
26.3419361928409
28.5740496207783
29.8868746415159
29.2158123318966
26.9089626116073
24.3027018292858
22.9848927599454
23.8330075227190
26.3596327386042
28.5544089965042
29.8743264503019
29.2213592073165
26.9079924138265
24.3174170626903
22.9883943215443
23.8365863989140
26.3607127808139
28.5279702288590
29.8724914484428
29.2276985391128
26.9131793971059
24.3166247506545
23.0092735960912
23.8301649916943
26.3484484360878
28.5398653487328
29.8727597177026
29.2147478942501
26.9214011546434
24.3198347456738
23.0193538365705
23.8145303803915
26.3441294318856
28.5294939320171
29.8487012703622
29.1924634483659
26.9238293508128
24.3404220150371
23.0221498115529
23.8420561612237
26.3274733715794
28.5085491162180
29.8393072818294
29.1921387086457
26.9299248087698
24.3769342474260
23.0317566928153
23.8491284820670
26.3142007528277
28.5104365459790
29.8104325964417
29.1935041560127
26.9311970664464
24.3814101564374
23.0577485417110
23.8478191137373
26.3399959254132
28.5050915380647
29.8278752060046
29.2143482551077
26.9120060931382
24.3662499874547
23.0391614159091
23.8636563958409
26.3290282981248
28.5401352481127
29.8420113888361
29.1880479159372
26.9183851347882
24.3120549845765
23.0174670927508
23.8615026893698
26.3416863114814
28.5615935168459
29.8553598112355
29.1768186555267
26.8733181845497
24.2902410183395
22.9997181497464
23.8558945321956
26.3692393367572
28.5707998371726
29.8519686528771
29.2011394268764
26.8785116339349
24.2928745928008
23.0109951819243
23.8715220096230
26.3829672925649
28.4807272727675
29.7886980032024
29.1758310557704
26.9287655813092
24.4014849027453
23.0761965067790
23.8628469692015
26.3085377470360
28.4446234140944
29.7670402860567
29.1628332766335
26.9539760924830
24.4781079930743
23.1498148074709
23.8653456903565
26.2623731448063
28.4087665147286
29.7107240715759
29.1598266692288
27.0020728444083
24.5083387629907
23.1760318862911
23.8676194402678
26.2407166061880
28.3647013168413
29.6760638084783
29.1353496636635
27.0196166468252
24.5553283274881
23.2112702816706
23.8924792381863
26.1993196370936
28.3482791442916
29.6305646058079
29.1269880619229
27.0478165133822
24.5819582202691
23.2517158799016
23.8987465381888
26.1681430231060
28.3682933560199
29.6707964988693
29.1378028522195
27.0468698245842
24.5768683330911
23.2295090523803
23.8977390320197
26.1929750701129
28.3724370784023
29.6740275873440
29.1345392266804
27.0122266883191
24.5636061956702
23.2161407306772
23.9183577758487
26.2050333461665
31.4558929555194
32.2891682066305
29.4271243012321
24.8410856428084
21.3022624152140
20.9645378023251
24.1149339729764
28.9739495424037
31.4764286692160
32.2970115350779
29.4002994152479
24.8080543860344
21.2905073131513
20.9411981958003
24.1460142488615
29.0230409393854
31.5343185960982
32.3009866354206
29.3457136522253
24.7406087138057
21.2220128872704
20.9354817994686
24.1685544578444
29.0740823591803
31.5458859325953
32.3221069149272
29.3330015127581
24.7022986285667
21.2096264078686
20.9190768110627
24.1910014280428
29.0874672886554
31.6304558661323
32.3357344359263
29.2757875548266
24.6099690554820
21.0943437822345
20.8820135921542
24.2130253713589
29.1956302677060
31.6366647471162
32.3166154547988
29.2825800336851
24.6237803502654
21.1241055198869
20.8959581772970
24.2333334609230
29.1751318915968
31.6451580280551
32.3254358521233
29.2710175053633
24.5840829357384
21.0707697074575
20.8939666038896
24.2553827925150
29.2157954506203
31.7171811133695
32.3276173328361
29.1980319567491
24.4755698470624
20.9955743747206
20.8655677057239
24.3041523968877
29.3040184358696
31.7940668852038
32.3540798821986
29.1487108220550
24.3949863122088
20.9169679005156
20.8355712613754
24.3581481571425
29.3973486732465
31.8743756282487
32.3524636077106
29.0546650470118
24.2512337273903
20.7920037418517
20.7978853962034
24.4153535717363
29.5119251857142
32.0324478496717
32.4198392509118
28.9739563497050
24.0840208435808
20.6278330741654
20.7499421985389
24.4997276603761
29.6951858759895
32.2470426872248
32.4524902495927
28.8152624237642
23.7912134188537
20.3702973569100
20.6718723337595
24.6416784043883
29.9617904011343
32.4718194179821
32.5087265964847
28.6612732330887
23.5073779143509
20.1201167553157
20.5779165442372
24.7637851862803
30.2245657272000
32.5701597074109
32.5533207284326
28.5921253690288
23.3582991041389
19.9994824528793
20.5388960770204
24.8265431968723
30.3414763504355
32.5581223284464
32.5585034129502
28.5998600555052
23.3551857758688
20.0011847037299
20.5480068421821
24.8169212206429
30.3475429787877
32.5373389061400
32.5440735539437
28.6161055461033
23.4058300140658
20.0385252045478
20.5595568639374
24.7981329010022
30.2997944537998
32.5480638863174
32.5577919059154
28.6274626444143
23.4024049286605
20.0319069582102
20.5537755165906
24.7980935205093
30.2765645155052
32.4977737684770
32.5540978939255
28.6244157252404
23.4548614478911
20.0359841339479
20.5621956363852
24.7877472611541
30.2630876069089
32.5616342482614
32.5509994712472
28.6119698319573
23.3765836921062
19.9864861260630
20.5114995008663
24.8078677007370
30.3347680629897
32.5521376928955
32.5576225022855
28.6155855365428
23.3717139269802
20.0257626573619
20.5293924884214
24.8063566469995
30.3105293071181
33.7491085648246
32.9875638189384
27.8786049489454
21.8009601016806
18.4717592749452
19.8656627066086
25.3473518066555
31.6967485067892
33.7573819161199
33.0099777097157
27.8419445909358
21.7694832061014
18.4140171734603
19.8566769742286
25.3715912980989
31.7347411309773
33.9038746184360
33.0283135471798
27.7369459446908
21.6192809222496
18.3060053940244
19.8344802612100
25.4770365747158
31.9042274591447
34.3753119305144
33.0626299115337
27.2992138196901
20.9427597607200
17.8169694889749
19.8284059167734
25.9095647816935
32.5438937603906
35.4372155449202
33.0717688518872
26.2663465547831
19.4654651798398
16.7379919510886
19.8062124671834
26.9533733308990
34.0308367035226
36.6887247883378
33.0223629882752
24.9623901409964
17.6395530190328
15.4755294140924
19.8823804545425
28.2566085949620
35.8496353773376
37.8538657056419
32.9695016901780
23.7547962258598
15.9506509457398
14.3267580534097
19.9611131377702
29.4936967283183
37.5122188409427
36.4837036504917
32.8940769327239
25.0040099812551
17.8407053996352
15.7452515981225
20.0647084236659
28.2528282772023
35.6410302241412
35.5575519706550
32.8738755299417
25.9239154743213
19.1699113035584
16.6760793347018
20.0562325685699
27.3141467428256
34.3200856568221
35.1269204855084
32.8590825428624
26.3630968073929
19.8304926859934
17.1472754115146
20.0741144852995
26.8976644521929
33.7062036434516
34.7100759805197
32.8350575748570
26.7365706069983
20.3597785834793
17.5637661594917
20.0952063757113
26.5403294447698
33.1557530583050
34.3931132158635
32.8261017389463
27.0293475614186
20.8095368289115
17.8963334553275
20.0987649346441
26.2422546318033
32.7312086624605
34.2049394916561
32.7949528751007
27.2122333168331
21.1004691939494
18.1042466370134
20.1118827504765
26.0362156570597
32.4447267508619
33.9771877504061
32.8023264116328
27.4067065114138
21.3900203792272
18.3272952510195
20.1266797173584
25.8387012957743
32.1510432495859
33.8652536777687
32.8275743236639
27.5688491785983
21.6076115753301
18.4777816263081
20.1337770689872
25.7021239433577
31.9528940104584
33.7708508705289
32.7930387508348
27.6164871527433
21.6816805158011
18.5579412168979
20.1541254949095
25.6523066124754
31.8609363214931
33.6615787973871
32.7917414560593
27.7064114870452
21.8428047435206
18.6651673924170
20.1248437273484
25.5294414744816
31.7024181438114
33.5233573046456
32.7709700719073
27.8483085081330
22.0208842045528
18.7891149729394
20.1543161675649
25.4063251853515
31.5271148993044
33.4761419586637
32.7622890395465
27.9047566412868
22.1137704802621
18.8545685546500
20.1593824368195
25.3703861776354
31.4455729453434
30.1037858684276
31.1392239565759
29.1730239895940
25.5358302028054
22.3774304376564
21.5830370176512
23.7777944930336
27.6734746562169
30.0811146140885
31.1297485904004
29.1833072707915
25.5390589104214
22.3746121536950
21.6066088069575
23.7914285657917
27.6497643575170
30.1117959307127
31.1309765341254
29.1556433843448
25.5123165453378
22.3409288717786
21.5889702782694
23.7868698508134
27.6933363348983
30.1662837943370
31.1837961465146
29.1439993343530
25.4383567084024
22.2729840988081
21.5600068626435
23.8176368145987
27.7603325681143
30.2358431349615
31.1939075040464
29.1284465703641
25.4121403846091
22.2300508073297
21.5374611283854
23.8321340745878
27.8143784074742
30.2506965101518
31.2258708797676
29.1041357504860
25.3675531859176
22.1932810210942
21.5110158996166
23.8556854556797
27.8518912839243
30.3332364305717
31.2315814722058
29.0751474638861
25.3076681281689
22.1527538318414
21.5309087933277
23.8956822515668
27.9227895598926
30.4024824586277
31.2699526285601
29.0299112914878
25.1830496629939
22.0453182057116
21.4760249446240
23.9489060118763
28.0306740780944
30.5435508893648
31.3415788464803
28.9815497563516
25.0802410762567
21.9159605303478
21.4062229943682
23.9887896856212
28.1497853731224
30.5859966867943
31.3748473025896
28.9722826313541
25.0218489925918
21.8521170890849
21.4132389627133
24.0526344038131
28.2148733907749
30.6525583483440
31.3795914611682
28.9483768805507
24.9555691898422
21.7930010825109
21.3545259438368
24.0586447503723
28.2864715366481
30.7433085453831
31.4273480938906
28.9138439113172
24.8756687968174
21.7126466253416
21.3312713617302
24.0755911471984
28.3667721212334
30.7794039000878
31.4716910700946
28.9009905372140
24.8042918747731
21.6191105979468
21.2945450127896
24.1139819332965
28.4386150257549
30.7668440367427
31.4609419760586
28.9260587780362
24.8370502700958
21.6403635833618
21.2984750411236
24.0805683577341
28.4223664137189
30.9004770643021
31.5556907964596
28.8835224662088
24.7339681858819
21.5467126655588
21.2027612300647
24.1273067903277
28.5381743226654
30.9602491362370
31.5812211738461
28.8773469950058
24.6829042610334
21.4325697429835
21.1834645956928
24.1424813864289
28.6375376605833
30.9698716037529
31.5915199444222
28.8867877563575
24.6679141721656
21.4552059924542
21.1729810989156
24.1291248218749
28.6127664951640
30.9530593723019
31.5733287828544
28.8955435472201
24.7103592816344
21.4531737419487
21.1882544577946
24.1295966041778
28.5791968368352
30.7496766592713
31.5022736534747
28.9767408652478
24.9053315120739
21.6763631792183
21.2603826733326
24.0532567743936
28.3717376690352
30.7641380292923
31.5061148006530
28.9799680999464
24.8835681593524
21.6631806215388
21.2574152182104
24.0679272132030
28.3717195688212
28.5323597205515
29.9181457539353
29.2608105194751
26.9507534720048
24.2383585351864
22.8424122274808
23.6186720246948
26.1423139485697
28.5462727294208
29.9389681358452
29.2462787534214
26.9219780407634
24.2058660803094
22.8209303849418
23.6196132923992
26.1386062095701
28.5685452591286
29.9429804123895
29.2429358952313
26.9009937832170
24.1951444436561
22.8009746371384
23.6123904645967
26.1621446593012
28.5784321887779
29.9402838657848
29.2755661900836
26.9186558013792
24.2011084749130
22.8297104445192
23.6264373408019
26.1574255603571
28.5627735078549
29.9480079502150
29.2597458512426
26.9226161913463
24.2242793815704
22.8356395675333
23.6263921106021
26.1446460950769
28.5590071327879
29.9420449731286
29.2619364855502
26.9249739768483
24.2055127552168
22.8190929914169
23.6041405818492
26.1367571201289
28.5333480062467
29.8985368618650
29.2794036514978
26.9441048113231
24.2192885463737
22.8370304941860
23.6201870812187
26.1171562091347
28.5124600545787
29.9075130010337
29.2516101974324
26.9499385952976
24.2532350754402
22.8621163855287
23.6107434365748
26.1223301132273
28.4911409239502
29.8825386596989
29.2609253664788
26.9779159818143
24.2909155887640
22.8857881266604
23.6158838102519
26.1012780908279
28.5146497350074
29.8780546956141
29.2459348166902
26.9650980050767
24.2893421936959
22.8700208583302
23.6317265195862
26.1112692685282
28.5221826759706
29.9058598416303
29.2443150981192
26.9349551131144
24.2611711130527
22.8730489730097
23.6283879332961
26.1348622296743
28.5368097743211
29.9110808296761
29.2191843426603
26.9251130718863
24.2138507637352
22.8402957426250
23.6402696526236
26.1535561205310
28.5385596720899
29.9042203058870
29.2456632916075
26.9329812943616
24.2203834634897
22.8517825149772
23.6394869286521
26.1309237407693
28.4671366513082
29.8415523663772
29.2280206377677
26.9781449124452
24.3442343939885
22.9419235571344
23.6447633798582
26.0784424912581
28.4024007296605
29.7971404769010
29.2252259031812
27.0250863281081
24.3829050351814
22.9902050845630
23.6444475830190
26.0389571131033
28.3888900817428
29.7410846096968
29.2313551839316
27.0629073995594
24.4592125972501
23.0309709457603
23.6551947146147
25.9845048816775
28.3325861477890
29.7159574290579
29.2495322807293
27.1067471722851
24.5245353532135
23.0651229786064
23.6543073156678
25.9634316689170
28.3035942303918
29.7003150125135
29.2109606931719
27.0999859821541
24.5425913815472
23.0721246669786
23.6381144710408
25.9384540980970
28.3127928887249
29.6897086790593
29.2108575082970
27.0974139823428
24.5157811799206
23.0795396649644
23.6458056910617
25.9361106569307
28.3164252130037
29.7080335736994
29.2199358175776
27.0827283599282
24.5046402753431
23.0688021374570
23.6674595098653
25.9723167811670
29.0250855881708
30.4666276239340
29.7735699001766
27.3964274659713
24.8563474196099
23.6313024575214
24.4837323641897
27.0534527293602
29.0482220780984
30.4779802637562
29.7704838322405
27.3845493329969
24.8246098639927
23.6154605040663
24.4892267804110
27.0805720315452
29.0623838575494
30.5098720167192
29.7581675217980
27.3599612857075
24.7805229763224
23.5836281036856
24.4906932948349
27.1048712304875
29.0814862661273
30.5104440619302
29.7405483857817
27.3334479546206
24.7425570346514
23.5706972577847
24.4946403997186
27.1169248744905
29.1222159224150
30.5459826425739
29.7688253866642
27.3043421605429
24.6925715788865
23.5217791132092
24.4758340330499
27.1611733090756
29.1414536264470
30.5509874470463
29.7277278172784
27.2856732078687
24.6844238535406
23.5215294504801
24.5065961040505
27.1715520564150
29.1634745816320
30.5607033254553
29.7430229867891
27.2365380627568
24.6418059983406
23.4977385902095
24.5042472079857
27.1981678906013
29.2219178116986
30.5642062991224
29.7111426388358
27.1733547865000
24.5946066194540
23.4592143570436
24.5255725762356
27.2519811423120
29.2658724031749
30.6155286056961
29.6859850463569
27.1074078700601
24.5159381851476
23.4281203924952
24.5579804736070
27.3214570120547
29.3548413077087
30.6392636114901
29.6689138376942
27.0295876545666
24.4005282070009
23.3718204832615
24.5653712874087
27.4140620564859
29.4486629132037
30.7288286922788
29.6228488168628
26.8932272154310
24.2570828327431
23.2799735037190
24.5854554467183
27.5062128126310
29.5759082201807
30.8400777387060
29.5807811464313
26.7578320299011
24.0700904892675
23.1503259683538
24.5977264484843
27.6612663875350
29.7210758969210
30.9135954095839
29.5307169628393
26.5943662886497
23.8673828928559
23.0245719807677
24.6166098863988
27.8139178040730
29.7852197118401
30.9554208291755
29.5384577282674
26.4904639677465
23.7606297236951
22.9762903752378
24.6284553157032
27.8940763128469
29.7760452688128
30.9470268286344
29.5288114246546
26.5071225483505
23.7491359798984
22.9709344740619
24.6300409480757
27.8605629480609
29.7861639514455
30.9618393185357
29.5240621513822
26.5072733214689
23.7743389551011
22.9875541777671
24.6279057247665
27.8737842177245
29.7959685114170
30.9282527011735
29.5178981682329
26.4963258687163
23.7698902840782
22.9943310966614
24.6544096291502
27.8719999838995
29.7695157633201
30.9381687566952
29.5199190000385
26.5217945194124
23.7947497024815
22.9912801889133
24.6409533758441
27.8745900337868
29.8142564737159
30.9652534234604
29.5168227116726
26.4839983410297
23.7389173790955
22.9549148876300
24.6423196225801
27.9220299469335
29.8005263689285
30.9513643744871
29.5394478741115
26.4625867898006
23.7452634085842
22.9668286157587
24.6547417088444
27.9141401199721
30.3873370244734
31.6029777205744
29.5688753541276
25.7280127491137
22.5824244739500
21.9942201490893
24.3986883373192
28.4970793056228
30.3986962213502
31.6309145963313
29.5639352662182
25.7074859742617
22.5647978239619
21.9804065421999
24.3892785390012
28.5037636215669
30.3988288678649
31.5914427496403
29.5467129846906
25.7311409104535
22.5704640599437
21.9960105025271
24.3817145887109
28.4879966455565
30.4212697454042
31.6219094082268
29.5360092743225
25.7117540898517
22.5606824314446
22.0080609485436
24.4175308116523
28.5420745551743
30.5550433241674
31.5796558851484
29.4388751199593
25.5636301780852
22.4749803380369
22.0073147420569
24.5391484591871
28.6717349373051
30.6849091670781
31.5942965348893
29.2927459211806
25.3882156364173
22.3492416711273
22.0212657310822
24.6807857276850
28.8511071971683
30.7894590155852
31.5997303228899
29.2081364419378
25.2626468377156
22.2579649416813
22.0399502531242
24.7898767900859
29.0075521391557
30.8496138137353
31.5846378781944
29.1465552621504
25.1689645367439
22.2306104160066
22.0569624429006
24.8316931141375
29.0568102183590
30.8570194479139
31.5854388959695
29.1096080653769
25.1482264241929
22.1787457197857
22.0751560668197
24.8886103981049
29.1142580359116
30.8937006401456
31.5857388386201
29.0829833808125
25.1291510220931
22.1763999685881
22.0661508509823
24.9006323991816
29.1383536218158
30.8859903930720
31.5715441511953
29.0828048259526
25.1031822018753
22.1896457069767
22.0739995431154
24.9344478668596
29.1477102028011
30.9298965086744
31.5571368821948
29.0533993155672
25.0754989937259
22.1712024104094
22.0877385158921
24.9327066842365
29.1707887929014
30.9382652762753
31.5703594585072
29.0403252419493
25.0419156997578
22.1750309981064
22.0966744760836
24.9788361439630
29.1972780353340
30.9279876189407
31.5640425242793
29.0382797321528
25.0617091152843
22.1493741150692
22.0877763326700
24.9959490243171
29.2098573674192
30.8780695381434
31.5282982414096
29.0452335484346
25.1196010428560
22.2286470526915
22.1399754766448
24.9629797748468
29.1399449960115
30.8778431212621
31.5264359472452
29.0610166647263
25.1341728709491
22.2521766500042
22.1446205685617
24.9608017709731
29.1366950787089
30.8709440028938
31.5195831924269
29.0682431944617
25.1665488187065
22.2714054747249
22.1594362843977
24.9362043660915
29.0879527067249
30.8755457929689
31.5154245740399
29.0713414135175
25.1414693280367
22.2589069185435
22.1491406880740
24.9585245308587
29.1431616351072
30.9144599331129
31.5416750991317
29.0594498256196
25.0557169638692
22.1911031081464
22.1506517753694
24.9671234591410
29.1688037150885
30.9154343262624
31.5555595036360
29.0117335956816
25.0551860487399
22.1850027509290
22.1206285710114
24.9860712466625
29.1922904083104
32.0371216779419
32.1343208408614
28.4365178485252
23.3766823292630
20.2856898193084
20.9756103009128
25.1676852441157
30.4596523264033
32.0487814340325
32.1591847197143
28.4011460068085
23.3527701181541
20.2432204432897
20.9849449211514
25.1779188726006
30.4780464396344
32.1380834602128
32.1619849486573
28.3453227860010
23.2646665448516
20.1725686625897
20.9783508643031
25.2327477968063
30.5742550919586
32.2558178969290
32.1681746947555
28.2569156953009
23.1045683117868
20.0579092007495
20.9656827619062
25.3612357482930
30.7591244676994
32.4093900836626
32.1812807174128
28.1164579495155
22.9045150836362
19.9264195280731
20.9649395141453
25.4712507463086
30.9567030404243
32.6696694174618
32.1989381537411
27.8983577981022
22.5665192950225
19.6591916632306
20.9414998912479
25.7391231765685
31.3215549744042
33.0041580718259
32.2197821829551
27.5979988545381
22.1094791862159
19.3386744060628
20.9544320902818
26.0420340124040
31.7553966410917
33.4355253804985
32.2417467845943
27.2161801915587
21.5553378851578
18.9390460943270
20.9414161809375
26.4379816160956
32.3342119035860
33.8736968671653
32.2519988416793
26.8074896355545
20.9473660421058
18.5074740893392
20.9545221540875
26.8723783678833
32.9405707554870
34.3439515835273
32.2876266578368
26.3593349959434
20.3034814061660
18.0470746126691
20.9249814503814
27.3118104087563
33.6038650859169
34.8941019597936
32.2949463992203
25.8208812883984
19.5642553804313
17.4771728274205
20.9292238240507
27.8563139843299
34.3680649207947
35.8136193617481
32.3253177468312
24.9325774186699
18.2629994090934
16.5812632960601
20.9465448253686
28.7530357276262
35.6804085278579
37.1907852569442
32.3504343272643
23.6134286503225
16.3576719337685
15.2036624103436
20.9409661494971
30.1319923312645
37.5918783891393
38.3078950976401
32.3983344341218
22.5762888487722
14.8437065992820
14.1489488177720
20.9239473392456
31.1959860293666
39.1158176063719
36.2110722209940
32.3686791293310
24.6439165777373
17.7870046085600
16.2068285321483
20.9254191601745
29.1139168478295
36.1774000747227
35.4934590588718
32.3726981905957
25.3607265309565
18.8030696170547
16.9354382117151
20.9264653333306
28.4016859142565
35.1442833953468
35.0808280212643
32.3622761191456
25.7706336831822
19.4157463937955
17.3805176580828
20.9319919750573
27.9728942423774
34.5381661649223
33.9036946429999
32.3099966390155
26.8908288028622
21.0242661130241
18.5523448173479
20.9208272190529
26.8289800094725
32.9322843956810
33.7522764841106
32.3166728496272
26.9989182362257
21.2047883245333
18.6665496749540
20.9600451063406
26.7208076496457
32.7464099680255
30.9861426758939
31.5770613763562
28.7101658124847
24.3619002537052
21.2816428018223
21.3790383463672
24.6543987929807
29.2916137635010
31.0115696875172
31.6040592209526
28.6898220515674
24.3122215184824
21.2367160382928
21.3803522246511
24.6818836471544
29.3121585024492
31.0730437575644
31.6189994234012
28.6949481590583
24.2664838805866
21.2180335813330
21.3567332885870
24.6931740308990
29.3720431879511
31.0502677518123
31.6144926987202
28.6856275592909
24.2728936113061
21.2253755616191
21.3801259467046
24.6897719272076
29.3465658323749
31.0584569066810
31.5984012749456
28.6760539417588
24.2732037216817
21.2171985758977
21.3771347174947
24.6951548252814
29.3545971825240
31.0560535341205
31.6137523450189
28.6671720393755
24.2369567375085
21.2206785962895
21.3671032220342
24.7194992161793
29.3820836238842
31.0490689889849
31.5595440024073
28.6650645529659
24.2583226269010
21.2189744114526
21.3882321270841
24.7091571927923
29.3740699104129
31.0542389746052
31.5658298111516
28.6581252994775
24.2651910897024
21.2450026585477
21.3863157734434
24.7140542577063
29.3682362592753
31.0502373316127
31.5683541655230
28.6399150927823
24.2602570780286
21.2512502109495
21.4290953251156
24.7380628417348
29.3594253695708
31.0907658593874
31.5736115063074
28.5945629551739
24.1987794563565
21.2001334819147
21.4118807293190
24.7779863791429
29.4404193427720
31.1757590493280
31.5640843523256
28.5407981582089
24.1143535876339
21.1114077291637
21.3871379994228
24.8135739924011
29.5055272600479
31.2332076190117
31.5980363143189
28.5066178551226
24.0467710255885
21.0531685474605
21.3585249582984
24.8667070745443
29.5953433204575
31.2161407449368
31.6045446117934
28.5184728213943
24.0460495688687
21.0679296542899
21.3831068182286
24.8590838262119
29.5715715327772
31.0643841574049
31.5352474786325
28.5932182832760
24.2161627647051
21.2258453505032
21.4402973562577
24.7744027155431
29.4054092441544
30.9814279726042
31.4996660787479
28.6269793932856
24.2991346171782
21.3091184846677
21.4544837932725
24.7449252983887
29.2944731101378
30.9149221165429
31.4712475633716
28.6824788030069
24.4018907197316
21.3873553615618
21.4889516085951
24.6921804640071
29.2069598557813
30.8495259543357
31.4337810966954
28.6843183593147
24.4829398331203
21.4740428112319
21.5224633464754
24.6501394587482
29.1129947875998
30.7787723854270
31.4096638154446
28.7209317756706
24.5331282913022
21.5100951805417
21.5463137517605
24.6216044715265
29.0358836708933
30.7823873163796
31.4258001130766
28.6966597741488
24.4942319786164
21.5246187620073
21.5295781763947
24.6373970301032
29.0614883558214
30.8178074752638
31.4321629521136
28.7045994914799
24.4874163431756
21.4920415700301
21.5254109504423
24.6347208316008
29.1103548117717
28.8323636735813
30.2510041554137
29.7317380585527
27.5477466810156
25.0092128013957
23.5513153962057
24.1958565820720
26.5946949205849
28.8320359189649
30.2582313835609
29.7550185991439
27.5559487327556
24.9780328256342
23.5469218511992
24.1929670208093
26.6000871420554
28.8636414938966
30.2763210085639
29.7224392067227
27.5269509661805
24.9533247468774
23.5128504543776
24.1787171771800
26.6059842400481
28.8697719738398
30.2949294271542
29.7138533621055
27.5222775281625
24.9055432572784
23.5088915406000
24.1579211357957
26.6405688345395
28.9248650066456
30.3175025483626
29.7010659847158
27.4726546429744
24.8602049431104
23.4695658943607
24.1601485838730
26.6705034675429
28.9444252303334
30.3070165285061
29.7125796552442
27.4688440311284
24.8444904275773
23.4796551910411
24.1843063726560
26.6549800301333
28.9367218738332
30.3202449285234
29.6855446715998
27.4235816386006
24.8353483239247
23.4463673404964
24.1771405410525
26.6727043164050
28.9562866448590
30.3466886938556
29.6934213587805
27.3956238912513
24.7797449373922
23.4068810192678
24.1822624564927
26.7068459405207
29.0104249056131
30.3881853754331
29.6737766725094
27.3559483712937
24.7277930399736
23.3723976642731
24.1951696673317
26.7899352996494
29.0863619509969
30.4296224042614
29.6879114871677
27.2779564363579
24.6141514780843
23.3262729157671
24.1914754317836
26.8245559582018
29.1616756730424
30.4857765586397
29.6482601485265
27.1852120185641
24.4862360706701
23.2077517207157
24.1861475181735
26.9037381522989
29.2863935529943
30.5794962672977
29.6387287655041
27.0514406946706
24.3095574889694
23.1034974675196
24.1990123400200
27.0268164085604
29.4049627814530
30.6732452855839
29.6110203021842
26.9373290072423
24.1406258510486
22.9693156021532
24.1831885958236
27.1384341799903
29.4434518451169
30.7311010005530
29.5766689334194
26.8420182253928
24.0332449677584
22.8981927504194
24.1589481995604
27.2063356754795
29.4512773186147
30.7020626507660
29.5934631305040
26.8368725516643
24.0533844966683
22.9028631240829
24.1758200820531
27.1916574409849
29.4347346032952
30.7189537984005
29.5993435939975
26.8645088937940
24.0429372443686
22.9148152867589
24.1887616176392
27.1774866459695
29.4486367902028
30.7293253958503
29.5800488278158
26.8360285217978
24.0488680133452
22.9173621144021
24.1806323585156
27.1935722670936
29.4323809803650
30.6896869219837
29.5797048492655
26.8784584982800
24.0610781414036
22.9044419142168
24.1932173673657
27.1773622839873
29.4570162977017
30.7290267153888
29.5838818237438
26.8285702919627
24.0161973195672
22.9051227346046
24.1845532353194
27.2121128806953
29.4535701535665
30.7168421705713
29.6057082456258
26.8320782486513
24.0119618951016
22.8909401888825
24.1793245401617
27.2216743467781
30.7360863952846
31.6085730281851
29.2588196871465
25.3393735017015
22.1524487632266
21.6603327446277
24.2951359073708
28.5267573534258
30.7333788605904
31.5977413121686
29.2513785966626
25.3188818415657
22.1375043187112
21.6694646770329
24.2830171105352
28.5291375799949
30.6742681364022
31.5788890041283
29.2622073691464
25.3870610938273
22.1934918722972
21.6891562572913
24.2684106473041
28.4940622243003
30.6355737991908
31.5546279202896
29.3061068775123
25.4450247935209
22.2468398389145
21.7270659459952
24.2458704547525
28.4318136155099
30.5618859745544
31.5169488368878
29.3372655281417
25.5529467184461
22.3584812419380
21.7842347301612
24.2355336902945
28.3393463698876
30.5299324832852
31.4730895131082
29.2921217662734
25.5539158432411
22.4031791287619
21.8377002143762
24.2727893458082
28.3445302363758
30.5389054526580
31.4416594207125
29.2785805513115
25.5319266768797
22.3875135421251
21.8689685000770
24.3105446962207
28.3723102220725
30.5564172437973
31.4190353636204
29.2592726810440
25.5252592044791
22.4169312654056
21.8916813919924
24.3282110889639
28.3749395912822
30.5443178618267
31.4093375127445
29.2286219998161
25.5287316664187
22.4254264347941
21.9219973585770
24.3340231334407
28.3723615918009
30.5417227545145
31.4174770764671
29.2295579924452
25.5366861223140
22.4635681130590
21.9380251657413
24.3321570529608
28.3806537589094
30.5200424376812
31.3954404644227
29.2405102386928
25.5407520656269
22.4715251786101
21.9356116749911
24.3671183140547
28.3519215972205
30.5073379600597
31.3871067117692
29.2343386168639
25.5744799994417
22.4844832408533
21.9463549393280
24.3582376719319
28.3465417206217
30.4955825229459
31.3725748010625
29.2368010099392
25.5836885320960
22.5038009543414
21.9583863347328
24.3631715913910
28.3342823385534
30.4834824281973
31.3548580079371
29.2537207355694
25.5720848096233
22.5078362000683
21.9790307952263
24.3454132397455
28.3077401842730
30.4120987282848
31.3416743588326
29.2833842545274
25.6497605941745
22.5901014475893
21.9925098634951
24.3160990835783
28.2250568515263
30.3862858122943
31.3133383200525
29.2897257317821
25.7306525990344
22.6705118415598
22.0230082248232
24.3002465041027
28.2189640399239
30.3467283362912
31.3293950379275
29.3239610828151
25.7474192083374
22.6797007466479
22.0631504928705
24.2953065040498
28.1611613606334
30.3546642638736
31.3111423843387
29.3257124542921
25.7647697809546
22.6822184776120
22.0262363288419
24.2798078414070
28.1552999729998
30.3767921477335
31.3138910046593
29.3229769244759
25.7503065333796
22.6514815890386
22.0152998818182
24.2725343522350
28.1776649876645
30.3473122000946
31.3324722233380
29.3268312751240
25.7412986651077
22.6606328689227
22.0048608472146
24.2706591512393
28.1683439605233
34.3301846924480
32.5702785178044
26.6625602709915
20.4884350743691
17.7528790912253
20.2294530157573
26.5228390136590
33.0192110426712
34.3722736380502
32.5657671311961
26.6217671480672
20.4338362552049
17.7090453210749
20.2484097055626
26.5533884965833
33.0751268757520
34.6003148481011
32.5946552633513
26.4101957317195
20.1126735978891
17.4913121661010
20.2308924345530
26.7839072511448
33.3605272362487
35.0129998094201
32.5499105818264
26.0169298963517
19.5423656852461
17.0911028908716
20.2436135748072
27.1771182504317
33.9618897964312
35.4889231056354
32.5852694488986
25.5373256834611
18.8835729774184
16.6305989478615
20.2125086790082
27.6667216200768
34.6154226498183
36.5241906508826
32.6025040654205
24.5085355564883
17.4137455770707
15.6199293417048
20.2638398275319
28.7054226937695
36.0652482947068
38.5120161719833
32.5596821765579
22.5166409461452
14.5903807540565
13.6330649235343
20.2977355352167
30.7239334900985
38.8976039652382
38.1594092573729
32.5050026503907
22.7685551872120
15.0563991764469
14.0380303420789
20.3925249108137
30.4592481754938
38.4603072886732
36.2271540927542
32.4596397332833
24.6524238723681
17.7573741565700
15.9790059327848
20.4158014445007
28.5870610885058
35.7522795379825
35.2845564003014
32.4414552666141
25.5639533908254
19.1191116526596
16.9583318199302
20.4399327356766
27.6828722611998
34.4120906041905
34.5399869399893
32.3709881860457
26.2520932754465
20.1635440289853
17.7002851320409
20.5004663236523
26.9775303585265
33.4225965073389
34.1216360893077
32.3312440677752
26.6280361418332
20.7339392895022
18.1126953370405
20.5142496093120
26.6063028468865
32.8527119760254
33.5137327835628
32.3160074730496
27.1984087664166
21.5389934153856
18.7157817290815
20.5785160564526
26.0466322731671
32.0227418935546
32.8959428957198
32.2577855349735
27.7319866986333
22.3746689976104
19.3839271847394
20.6431858109613
25.5121651472659
31.2013527127286
32.6597380210832
32.2146991267940
27.9543775122803
22.6904846747882
19.5981500420758
20.6753100981865
25.3116868162585
30.9101084604605
32.5045033453318
32.2163660978164
28.0754654194605
22.9051711462230
19.7586902798183
20.6731654933133
25.1881960376260
30.6891858660810
32.3859878141557
32.1870981562757
28.1891827508879
23.0643169365065
19.8776013824745
20.6917315927811
25.0857126265385
30.5560946531057
31.9824231055820
32.1739306183895
28.4975574453780
23.5682129047370
20.2659680276209
20.7241245703518
24.7268988785487
29.9994980533404
31.9347822584643
32.1540836310981
28.5373995622792
23.6275965176750
20.3257249900997
20.7390632824127
24.6899050678215
29.9497792801066
31.8812149842771
31.9086606051890
28.1937630332111
23.3333317178523
20.1305456325441
20.6892022903769
24.7253680491587
29.9612936763936
31.9069228789107
31.9145348339564
28.1794141261316
23.2613284899464
20.1305498657299
20.7008174046291
24.7584510837459
30.0041252067055
31.9648660114622
31.9368216264548
28.1534634023900
23.2275283476951
20.0342878320647
20.6892573819453
24.7776357052962
30.0663446567015
31.9241339219266
31.9227581539067
28.1701644520509
23.2797723521978
20.0945854491315
20.6748992916118
24.7701411008861
30.0218035740754
31.8881813968219
31.9057811745634
28.2119979391102
23.3227109440563
20.1241500098780
20.7013868066718
24.7130808882616
29.9519256248801
31.8458326794201
31.9118004475284
28.2004391856226
23.3592387490872
20.1564974565619
20.6866768783375
24.7202968190733
29.9349375268086
31.7825370430070
31.8692825132407
28.2769492031613
23.4237114222147
20.2183742447083
20.7288996725972
24.6837147042087
29.8449768443715
31.7119875007066
31.8424604540361
28.3047056052275
23.5186454448145
20.3130096406820
20.7385079778621
24.6062407339628
29.7669502201382
31.6189105710906
31.8431634286458
28.3715557000512
23.6304740242842
20.4013316598181
20.7662420587165
24.5611692480896
29.6295112109473
31.5664944545836
31.8323485754845
28.4225922618971
23.6901713565958
20.4487899817428
20.7785752508388
24.5348071667525
29.5623357402597
31.5178011079995
31.8397200811651
28.4346042779724
23.7357870645435
20.4904471341781
20.7602392160446
24.4991332170993
29.5435435870570
31.5523688010365
31.8481090242503
28.4391978594229
23.6973145815428
20.4823499708942
20.7644957152701
24.4996926320818
29.5413542340813
31.5119302168497
31.8265688050794
28.4683717919780
23.7574183483768
20.5063513766755
20.7663447273010
24.4937115317540
29.5025099647080
31.3021808866215
31.7435245625803
28.5854094861363
23.9976513475019
20.7240321448238
20.8461711630824
24.3555323733838
29.2738196852408
31.1353015930702
31.7093272963721
28.6744088553873
24.1722139410835
20.8832471528168
20.8970838841832
24.2635338666523
29.0753921420255
31.0172651492669
31.6640962126043
28.7350990894346
24.3189075003344
21.0212191276969
20.9070103416482
24.1631249519946
28.9257789434506
30.9063012316859
31.6332954000013
28.8112843747710
24.4602901865609
21.1484139467370
20.9567568408900
24.0913728481336
28.8092369872764
30.8039370075779
31.5950667493454
28.8675576901112
24.5801812109100
21.2332810080608
20.9875620674116
24.0436300223666
28.6618048806864
30.7700967527528
31.5833183459315
28.8928292594173
24.6017046548010
21.2722127995158
20.9726615593400
24.0100899143371
28.6198444155054
30.7633963268071
31.6064005244274
28.8920955162349
24.6364425406194
21.2706139722885
20.9732123083905
23.9899044079004
28.6153119430401
27.9598357758929
29.1507164824537
29.3756980931890
28.2619981782124
26.4223777738337
24.9130810058280
24.6040961073478
25.7245139921701
27.9647517326243
29.1535994753620
29.3655566866487
28.2601823819087
26.4088271025732
24.9048985796262
24.5912718863396
25.7232081437114
27.9785436252392
29.1657267501537
29.3606990682683
28.2392190684339
26.4017563147185
24.8663174214246
24.5569966858310
25.7279695911635
28.0012428432431
29.1715564602829
29.3871863767443
28.2343308120798
26.3699932807685
24.8487826662734
24.5832283851850
25.7323709393661
28.0109170238785
29.1835427497880
29.3699882454489
28.2283663204168
26.3249989840223
24.8200622405018
24.5575110293762
25.7653914671267
28.0157418717451
29.2087500337847
29.3684524500564
28.2123288282533
26.3377067331711
24.8140237730663
24.5692907787049
25.7609512876846
28.0309649561935
29.2235468405724
29.3697228148414
28.1966964245239
26.3199033260373
24.8171075969556
24.5634667886330
25.7747097619934
28.0571753043332
29.2393863794457
29.3864589693529
28.1757445419392
26.2767620035348
24.7497931779454
24.5537530605250
25.7634709321714
28.0675865653845
29.2611699009111
29.3663471715588
28.1491892633596
26.2212484306049
24.7319910936104
24.5220916292463
25.8054422813406
28.0981018798596
29.3155627112550
29.3937645399842
28.1072915316105
26.1536013369164
24.6765043113686
24.4956062773027
25.8319229247173
28.1297054521870
29.3465065398068
29.3994288270253
28.0589620514405
26.0674849227042
24.5643060861252
24.4720428941829
25.8568842567450
28.1968222591152
29.4452394546929
29.4179044449251
27.9549902169770
25.9278378912961
24.4384525845377
24.4065564896099
25.8911905140676
28.2722017736292
29.5161497013211
29.4233078054247
27.9099171761552
25.7947366333909
24.3272238399019
24.3567798957956
25.9365099610470
28.2896672583023
29.5373190088183
29.4206462975389
27.8637646145767
25.7239386982784
24.2588812927442
24.3527639561500
25.9460015694233
28.2740634939345
29.5423145864541
29.4232178852270
27.8588094937470
25.7287398712580
24.2678359091328
24.3175967845349
25.9551983295022
28.2676229356882
29.5339667768708
29.4229189930051
27.8782027471353
25.7260613238477
24.2754919237848
24.3346609174441
25.9716825366021
28.2859214737333
29.5303411579822
29.4190276775735
27.8629427959764
25.7465732127212
24.2634900031204
24.3189746455274
25.9579995697804
28.2923180341028
29.5392969108089
29.4218528436577
27.8885710550916
25.7315558852263
24.2768033630775
24.3295516648452
25.9514878346673
28.2905856025993
29.5564941709109
29.4444492674418
27.8620444174703
25.6960642253943
24.2427364451071
24.3193065689510
25.9650775690128
28.3048033198112
29.5523289506453
29.4333947435764
27.8613665188445
25.7014091387809
24.2567101805262
24.3127221166550
25.9755128947649
28.8089793742144
30.2243152887874
29.5398325817660
27.2018516390637
24.5314001306720
23.1326645143937
23.8440825660485
26.3294839420762
28.8085091577009
30.2147013038905
29.5714131040056
27.2019520255935
24.5334904783403
23.1263720777118
23.8341447189022
26.3284838776291
28.7702295817089
30.1987203059610
29.5515788162290
27.2384748452122
24.5466961776615
23.1368517578552
23.8531299352795
26.2997107993804
28.7416853188819
30.1616506249738
29.5618897831127
27.2612998609107
24.6076984561291
23.1952869175999
23.8441664151955
26.2793371634869
28.7605955683297
30.1756896288679
29.5519669335025
27.2704107571282
24.6513617518385
23.2207727470626
23.8511442029636
26.2758311208767
28.7735516393656
30.1484209303236
29.5115151458458
27.2391395885873
24.6280301184754
23.2577225444922
23.9049969945814
26.3198960417787
28.8031171503843
30.1450649944441
29.4766020106485
27.2143753827018
24.6219034959899
23.2487580305503
23.9389788252941
26.3482623581823
28.8281093480042
30.1473123077967
29.4849351775510
27.1817928977213
24.5959702964046
23.2457803740240
23.9629308557839
26.3794338685422
28.8138471461510
30.1761174428782
29.4805553540909
27.1816678903824
24.6143448389169
23.2388271242301
23.9692263658960
26.3900041995370
28.8243153604581
30.1311778533681
29.4709816683425
27.1549808120229
24.6027141638458
23.2785190941353
23.9794440659259
26.3975880917651
28.8148490237839
30.1426192405190
29.4574796237944
27.1601614105632
24.6035527139922
23.2763285696799
23.9772320881420
26.4019249851056
28.8304297311339
30.1358566976981
29.4493456408147
27.1835289394973
24.6109940287701
23.2804653868597
23.9956627264313
26.4226296010128
28.8503057072018
30.1466852054421
29.4465075254444
27.1576878507918
24.6081498723666
23.2796456568234
23.9917042442005
26.4092246320132
28.8406757957189
30.1328198165206
29.4491624180763
27.1762534967717
24.6091822791830
23.2850183752077
24.0168449363849
26.4184464183615
28.8034011031044
30.1007436437111
29.4428591669293
27.1994439331405
24.6506538634279
23.3333620963456
24.0044622462643
26.3841965810932
28.7855647094885
30.0983725177688
29.4628626696222
27.2252578484984
24.6927622348585
23.3651381054385
24.0308429460980
26.3866808867419
28.7743356102421
30.0908990244546
29.4375964955750
27.2351647347614
24.6942158736311
23.3645030518880
24.0241788920389
26.3559159249478
28.7947197479825
30.1055275917774
29.4454872610801
27.2172810163339
24.6803933749310
23.3679332098412
24.0235398441863
26.3841917103614
28.8418021439835
30.1248113376776
29.4341275688550
27.1943069205516
24.6299647326125
23.3270000696002
24.0246196685512
26.4125360304507
28.8214223821031
30.1246225777743
29.4584913668986
27.1532801500516
24.6151155187734
23.3301904089393
24.0192775154321
26.4123712218970
31.6804503456634
31.9825696114540
28.3333270459171
23.4067310915916
20.1506779983043
20.5454651044732
24.3735805544233
29.5261913546616
31.6932424668146
31.9556123860731
28.3428007663416
23.4127144744662
20.1419019957633
20.5330457379092
24.3778205499371
29.5378060395735
31.6505091614690
31.9673305391148
28.3533383234551
23.4310549803939
20.1659783049596
20.5579969893049
24.3526625861754
29.4955504110903
31.6176459749524
31.9169353041663
28.3698065104041
23.4998270304542
20.2460244998346
20.6093973584632
24.3498323773654
29.4748920637845
31.5985938654034
31.9266833875752
28.3819265858409
23.5277349668336
20.2836512219810
20.6144638904411
24.3566393490214
29.4318055138496
31.6055659981802
31.9062484598527
28.3509986127223
23.5044893068430
20.2696569663938
20.6331320821629
24.3959772818038
29.4735012457661
31.6167760402610
31.8729554006200
28.3409567772675
23.5106909172769
20.2799443894981
20.6866073998756
24.4151375174787
29.4664247765035
31.5582971249697
31.8438953655481
28.3598215533384
23.5732751170475
20.3725480762374
20.7244733227652
24.4083886736304
29.4163322777816
31.4745209822187
31.7826089934521
28.3998527619302
23.6929741700867
20.5134069911682
20.8000177112889
24.4116813999661
29.3223787841981
31.4345481486860
31.7684128701629
28.3975218532650
23.7024227036540
20.5796890559661
20.8257664796944
24.3960776334106
29.3139501912702
31.3953057401148
31.7287138695578
28.4139879608875
23.7944281847341
20.6345107723723
20.9063465957986
24.4114131676338
29.2429934965655
31.3340071114084
31.6922013704166
28.4326408679335
23.8633818726033
20.7443640845026
20.9468967967863
24.3868797723324
29.1659793277897
31.2648765271392
31.6707902089266
28.4810353949419
23.9547208408823
20.8204177942137
20.9883156133015
24.3698369591591
29.1144933336472
31.2595403869985
31.6741074370181
28.4698557601601
23.9786533525753
20.8378271909514
20.9971225097609
24.3741222743844
29.0698006986635
31.0971710258979
31.6053132710270
28.5678582246104
24.1580774514399
21.0454215826354
21.0982542810529
24.3068871699163
28.9134224617240
31.0361659852609
31.5640129284253
28.6172387806211
24.2771089945037
21.1529175726682
21.1401797290018
24.2658858631481
28.8094774224655
31.0227368432474
31.5631864605140
28.6252500080395
24.3055094561633
21.1671346586649
21.1564090462863
24.2713623460964
28.8032345627721
31.0091783731972
31.5680476187977
28.6584972616545
24.3004890119400
21.1720426853534
21.1465298868571
24.2558783666530
28.7907059122995
31.1012024930620
31.6216605090635
28.6254700349952
24.1945116886622
21.0291440998653
21.0564865300600
24.2502366029296
28.9048528049170
31.0717687424343
31.6177713557480
28.6112831778799
24.1934517288368
21.0845895918507
21.0896549595044
24.2810744240763
28.8702114448640
33.0774746148620
32.3241768174168
27.2582429946512
21.3961382330183
18.2834224773806
19.8768768154678
25.1989804667778
31.2908404932141
33.1065370335903
32.3246166890687
27.2292105530839
21.3620499219225
18.2687090394644
19.8823779462271
25.2197929105711
31.3259828482441
33.1577209389172
32.3469754206120
27.2012106068806
21.3093521019182
18.2430602054012
19.8891427071687
25.2680269053336
31.3931282996923
33.2013154372246
32.3529665873626
27.1278853989807
21.2179300607447
18.1866900861024
19.8860370172472
25.3157636380363
31.4715168228744
33.3285800383692
32.3402760192460
26.9893715087285
21.0383727715751
18.0491386038676
19.8992567521428
25.4304697199605
31.6455875844409
33.4846862715104
32.3382182245038
26.8536602689677
20.8025805608244
17.8864958236655
19.8677389054343
25.6049978250393
31.8733620789092
33.6730111715745
32.3653883660988
26.6877595369472
20.5618935912038
17.7132592558021
19.8849835824308
25.7702632666676
32.1207602274497
34.0099858542091
32.3687028627127
26.3354383074017
20.0640775873212
17.3333217586440
19.8619966984731
26.1144101458385
32.6139334249781
34.5929220831574
32.3669875247583
25.7640793256472
19.2612611386617
16.7798581680173
19.8953600217021
26.6953411396827
33.4230487082844
35.6482133500786
32.3710704774114
24.7191301626549
17.7983059345672
15.7300340960456
19.8775380165140
27.7432315036549
34.9006814833148
35.4444596607633
32.3449274812710
24.8944339989199
18.0575830327587
15.9195917284401
19.8826784721973
27.5658111138983
34.6597926471192
34.9215348379116
32.3657980662733
25.4180739818396
18.8037356518130
16.4600008817346
19.8733247265656
27.0261415055765
33.8785368273713
34.3864280178671
32.3382328754125
25.9709737950286
19.5489495577248
16.9967213076965
19.8986055603513
26.4910752738211
33.1420568944411
33.9108193575624
32.3490094463279
26.3865317084749
20.1805950840464
17.4343126367180
19.8623394929905
26.0266595829288
32.4946988296306
33.5758299645445
32.3030921739949
26.7241007202282
20.6365409612955
17.7683368389214
19.8671646837151
25.7150270565720
32.0297214150891
33.3186475667763
32.3184727879297
26.9592301755320
21.0053913908092
18.0413421504999
19.8907709110445
25.4362926242425
31.6459432134547
33.0933008877406
32.2859357901160
27.1697227478742
21.3057082965260
18.2598979831538
19.8931748101003
25.2547384024475
31.3610649153178
32.9512996310663
32.2636629307215
27.3094912152012
21.4980377813651
18.4179997217046
19.8779493825715
25.1043636306619
31.1422076074458
32.8678068020027
32.2909952735226
27.3835656068405
21.6196260985853
18.4961241660935
19.8939389109236
25.0433283053610
31.0356293038381
0.0
0.0
0.0600735232943527
0.375917533349355
0.947502991589570
0.998517241934285
0.999286073999748
1.0
0.999108688678412
1.0
0.999307821878976
1.0
1.0
1.0
0.999242355461484
1.0
0.998885638765252
0.998294130916032
1.0
0.998270357985841