-11.7228857672694
-12.2955165032373
-12.2179193986953
-11.9628495360564
-12.1294059577759
-11.5812537831211
-11.3787241973897
-11.5907531845895
-11.1385385324125
-11.3379564305640
-11.5565590507388
-11.5645142571735
-11.4863044990399
-11.4666257362585
-10.6735753782069
-10.5925014452362
-10.5951338815158
-11.0170437069611
-10.5117631456117
-10.3242560193586
-10.4794435680063
-10.2458302048520
-10.4758306599292
-9.87389610768577
-10.1738093825566
-10.3967518764381
-10.7624692215809
-10.6156105172581
-10.8390015125013
-11.3905830227895
-10.5349301620832
-10.2044830835519
-9.89918255135141
-10.0834207039548
-10.4476445811276
-10.6767052753665
-10.9157765468693
-11.4155334480445
-11.2587274225680
-11.7259174082882
-12.0072725325423
-12.2386278161511
-12.0045294024736
-11.5775642059980
-11.1209361683541
-11.2727323494823
-11.3913762489307
-11.1227446180937
-11.2174282578152
-11.4620573555483
-11.1071304608059
-10.6632030239759
-10.0684971676945
-9.68030335769853
-9.93284978940583
-10.4045344094347
-10.1641471415200
-10.7788704434381
-10.4859336408636
-9.95672597119645
-9.98848812687685
-9.28085926171720
-9.65416450633277
-9.92872829346461
-9.82543670435110
-9.87995811895887
-10.1128456572694
-10.3649798345391
-10.5891030127646
-10.7399548438239
-10.5769221402816
-10.4699285696249
-10.5770826804853
-10.2364143018155
-10.2170860415923
-10.3042198519868
-10.5488115225818
-11.0747808558976
-10.5515577272547
-10.1304854282100
-11.6439283412505
-11.7987409192488
-11.8268096805594
-11.6131956542218
-11.7467003117606
-11.7387548634928
-11.4982466023132
-11.1752786848669
-11.1998602767715
-11.3142098027546
-11.6845371323547
-11.7989071257834
-11.2409032058234
-10.6564512846013
-10.7876698065121
-10.3168704284928
-10.2259999165047
-10.0654156832253
-10.1999615085050
-10.2559602006917
-9.61837920598667
-9.67694699918051
-10.0765930170929
-10.3510435635049
-10.2143533196465
-10.5424970116833
-10.6770509346904
-10.9475368454568
-10.3544406494676
-10.2205800562889
-10.1559756171679
-10.3236267080342
-10.2623331061324
-10.3943326029316
-10.3860452322503
-10.5899434621319
-10.4190150696209
-10.7482608972390
-11.2387305789728
-11.4618710496710
-11.3946089368797
-11.3738195496205
-11.1221926607467
-11.0407755434645
-11.1291655349482
-11.0674244501656
-11.0234238028853
-11.4256566513837
-10.5641032843077
-10.3766312678618
-10.5589227285317
-10.8261129171278
-10.3237187718127
-10.1780007939739
-9.66341505534386
-10.0403052755877
-10.4891255030637
-10.5174708614091
-10.8028544144112
-10.4911416127549
-11.3795886991817
-10.7521864462444
-10.0619298162056
-10.1777143749603
-10.1337327109589
-9.72707871992917
-10.2316415192253
-10.3155401538016
-10.4612061429254
-10.8632463169952
-10.8265643780500
-10.9527407721439
-10.3465568537864
-9.96539525757471
-10.4984286490795
-10.5627137326791
-10.6004460225061
-10.6482046613732
-10.8966212679237
-10.7918770859954
-11.6227838150616
-12.1510537654866
-11.7345737967996
-11.6915151723085
-11.5305572931739
-11.2791346330551
-11.1627629852197
-10.9586376447765
-10.7133344528322
-10.7081923135156
-11.1360271773879
-11.3555027398524
-11.4553143759692
-11.0583122133363
-10.7522434978780
-10.8121935386525
-10.4053972889191
-10.2258941081872
-9.90670224362611
-9.83392632898958
-9.68293186392061
-9.53121178206025
-9.90174665109567
-10.0282575572005
-10.0002790115387
-10.8215695522610
-10.7114342079391
-10.3977941513072
-10.3607337410169
-10.7473187955251
-10.6276689620269
-10.2142879329642
-10.7658590395811
-10.7273825490695
-11.1905277515797
-11.1892694769462
-11.4397532651528
-11.4872396516425
-11.4620010714434
-11.0829083617624
-11.4885269793509
-11.4378767603620
-11.0281692252640
-11.3621095693121
-11.2110569239728
-11.4928055386342
-11.4935022931829
-11.5393014691614
-11.2275577932112
-10.9811207691293
-11.1428078707883
-11.3290824801897
-11.0379439514665
-11.2368786472347
-10.5923034730224
-10.6121943834702
-10.6546955717285
-10.7511830579372
-10.6922891357900
-10.6594216020401
-10.7599805119619
-10.9176190089368
-10.7964455874804
-10.4277009397388
-10.5424590825245
-10.0766872322374
-9.92417795735388
-9.78370473369343
-9.89457988486701
-9.65928549652003
-10.0467440070703
-9.57489835488724
-9.50108860106770
-9.10434335042559
-9.18712840462108
-9.66690444329972
-9.52128070382405
-10.4790181073127
-10.6797581396399
-10.1135337187875
-11.5326551400557
-11.4509206594067
-11.6044952703445
-11.3174425271885
-10.8448998262028
-10.8165448566446
-10.5482641625507
-11.0436848114652
-10.9234792373025
-10.9291054858013
-11.3698838739089
-11.0182557683124
-11.3516287572259
-11.4087652671497
-10.8967707602993
-10.3854747256848
-10.4032022125014
-10.5848484564390
-10.8707810028777
-10.4808844316960
-10.1233460379321
-10.1320729350948
-10.1714273322490
-10.2185279318550
-10.5464718395406
-10.3938945169768
-10.4006588621473
-10.6853883094846
-11.0984370310699
-10.9464802570554
-10.8611260394402
-10.9047061242705
-10.7340259593417
-10.8004622719314
-11.2009822516168
-11.4069293694755
-11.4614185654153
-11.7610993383609
-12.1204163567842
-11.8639066494287
-11.5117177939544
-11.5223015560382
-11.4870066319753
-11.5684789474848
-11.3345343006582
-11.5773839938043
-11.6006927390325
-10.8144299032316
-10.9491946761401
-11.2645019838474
-11.3250623681130
-11.5050460923175
-11.1121181768597
-11.0788003441575
-10.8220931116508
-10.8364080069021
-10.5421143500785
-10.9020177960175
-11.1351362728033
-10.5748236231271
-10.5399724970031
-10.7599766924727
-10.7853974295258
-10.4076890203717
-10.2571889520631
-10.1329483941122
-9.55369339339489
-9.45287830014243
-9.45609738642275
-9.25140937711249
-9.13772077110205
-9.02140243181301
-9.04174599444320
-9.15484309937834
-9.24777836466572
-9.31580031848080
-9.35324229873783
-9.82324311426750
-9.70629575200806
-9.43703840451749
-11.0259880291075
-10.9787671001240
-11.2524965473686
-10.8908368760300
-10.7088848006764
-10.8402111442557
-11.3282989405706
-11.2549262913908
-11.2457921936640
-11.2075596804933
-11.0853293822027
-11.5262258332980
-11.3500308401217
-11.1119024696786
-11.7814270068163
-11.9298674190907
-11.3897004432351
-11.6143879154683
-11.4534824852643
-11.1143687603136
-10.7060312231093
-10.5082939086071
-10.4179260076656
-10.4228229089095
-10.9750627495891
-10.8874429786093
-11.1358051775627
-11.5798861969776
-11.8017729088533
-11.1841542005874
-11.0372454067545
-11.0676113195437
-10.8741276647482
-10.8542663558460
-11.2492188672771
-11.2545085778588
-11.4873075280686
-11.7003211480256
-11.1170117280755
-11.2184258804746
-11.2131244758327
-11.0900932577843
-11.1366516980876
-11.6113297590635
-11.2208771181669
-11.4569071642283
-11.1030488855343
-11.1009435045079
-10.8047224481503
-10.8680280633056
-11.2020890935382
-11.4775916797187
-11.8460555777428
-11.7422301634366
-11.2689844024889
-11.0145125820342
-11.3706137077885
-11.4341850304803
-11.1857868005084
-11.1414677155669
-11.0886849373162
-10.9038657343806
-10.4407514577985
-10.4665353579642
-10.2651046549264
-10.1804824028995
-9.75930309251549
-9.74578217727647
-9.92606292645905
-9.43529284269666
-8.75417924151961
-8.69403612535003
-8.67474921679284
-9.07946217491719
-9.34858505716013
-8.63401416086505
-9.12894799972476
-9.14401741313673
-8.84028378189451
-9.16101060131783
-11.7469597927161
-11.6621986925672
-11.3160267474552
-11.3439399855408
-10.6353339921027
-10.8566771463995
-10.7964693828758
-11.0788972824011
-11.0672601577798
-11.1965806645246
-10.2287483470725
-10.7026809673167
-11.1753563874989
-11.5948204090962
-11.9255810063553
-11.7565789119941
-11.3619599693765
-11.2880735434259
-11.8864649598359
-11.8182623593007
-11.5588651317748
-11.5472676668946
-11.6230438962109
-11.4828524213394
-11.8661290005603
-11.9839869172726
-11.7439410155087
-11.9692685303849
-11.8177525231314
-11.6575392584063
-11.9779841483188
-11.4236643632019
-11.3398350016221
-11.3568443189569
-11.5316892643634
-11.8875261188349
-11.3384999062416
-10.9032697971550
-11.3878136894125
-11.2196570823084
-11.1772314595475
-11.0473449012898
-11.2291456097252
-11.2126751495949
-11.7036266615372
-12.0419638015439
-11.7857695041855
-11.6171274448436
-11.4069623284177
-11.2190882585062
-11.2364470542594
-11.3388210506490
-11.5275495414351
-11.5430246255378
-11.5349618499659
-11.3519787996455
-11.1618403233839
-11.1422036118851
-11.1355245682444
-10.8294704032734
-11.0384963693660
-10.6787858295464
-11.3147762433852
-11.1783043360931
-10.5891865124622
-10.5324590153825
-10.4895678877167
-10.2624007183478
-10.0832732809809
-9.28529625394225
-9.48473594779735
-9.27699070015948
-9.30316388902456
-9.49183804253906
-9.47723439133807
-9.05449263969481
-8.85963677240889
-9.11033870154255
-9.43842947831105
-9.13935724880810
-11.8023795453221
-11.6144039223431
-11.0115941983517
-11.1658508518425
-11.1193015702561
-11.0250205984756
-11.0405916095129
-10.8765955980387
-10.6580466500145
-11.0972177973566
-11.1171380350179
-11.2159098038510
-11.2579570135559
-10.6472956128193
-11.1365044745184
-11.3304656550036
-11.3257213242514
-11.1908508829544
-11.4964968076225
-11.5061928092661
-11.7587041992810
-12.0798573942099
-12.0112009671091
-12.1401182149087
-11.6269591095702
-12.0037773571198
-12.2119405442370
-12.5874584479899
-12.5020967220566
-12.4904129863901
-12.6146843445017
-12.7244261214187
-12.7227946166958
-12.5322143149747
-12.3749120559012
-12.5543550860142
-12.5237907018544
-12.1672527753975
-12.1648202785124
-12.0796520764310
-11.5854742549480
-11.3726804582169
-11.4113800915142
-11.5809564510573
-11.3210080930848
-11.9654178580758
-12.1169753486321
-11.8025547209999
-11.7137230983596
-11.4627471669237
-10.8186507300811
-10.6904292104697
-10.4642451526631
-10.6850896452527
-10.5296697537615
-10.9088125875389
-11.1213201743224
-10.8071978504860
-10.7789193897055
-11.3577861820207
-11.2682635890907
-11.3869056366460
-11.4450328845139
-11.3618624270102
-11.4155276863098
-11.3562242141080
-10.8849497361698
-10.5704397180544
-10.1960996282974
-10.5280999753280
-9.74153707894681
-9.78575935391348
-9.86915834322379
-9.64474375205469
-10.3790879900329
-10.1870878297742
-9.96397645432348
-9.82627357285310
-9.76264833574524
-10.1670922178931
-10.9965189912930
-10.8376370958012
-11.2625147455508
-11.1494908548258
-11.1167929756545
-11.5435950765877
-11.1306131967758
-10.4157716351500
-10.3380307625392
-10.3914087683599
-10.4633709360355
-10.6111880963730
-11.3742435759457
-11.6278349666983
-11.6963024865937
-11.8726555638797
-11.8320148536901
-11.5581211680373
-11.3292255233550
-11.3808986063255
-11.5009807863260
-11.3590747940107
-11.7051485340075
-11.9563112853156
-12.2069260759106
-12.0164555832344
-12.5433753086240
-12.6395454008069
-12.8573393435626
-13.1899078152322
-13.0888259454508
-13.3735616731666
-13.3881209363741
-12.6781642804892
-12.6960942631876
-12.7514256052589
-12.9538823051783
-12.3263849303505
-12.1217298955130
-11.8904321129077
-11.6995791799768
-12.1428624924625
-12.3117217898028
-11.9726519846364
-11.7659236485230
-11.8733927931672
-11.7685235739274
-11.7522680458758
-11.6485010483508
-11.6380979099407
-11.2924108987070
-10.9453382107491
-11.2521661207074
-10.8133615139162
-11.2063698703657
-10.8303723928818
-10.6049668243541
-10.2543066464567
-10.6477632393521
-10.7502029258592
-11.2507888709630
-10.9409837858996
-10.8942918946836
-11.0702685242959
-10.7717641139032
-10.6023429597199
-10.5061344963764
-10.0535887547269
-9.83416388462783
-9.62715692527765
-9.71008303927063
-9.44458751154997
-9.55034457938972
-9.88781061328280
-9.79470690350607
-9.85264001587029
-9.77409635963076
-10.1248658465181
-10.0460579039300
-9.87791866007298
-10.6943013841316
-10.4919972585131
-10.9669985167262
-11.0046182232503
-11.3529548107310
-11.2453510473435
-11.4735986065911
-11.6257454233041
-11.2075312727228
-10.9518130721170
-11.1104383098394
-10.9342728451737
-11.6123428194107
-11.7482435415817
-11.3750933054743
-11.9634852001183
-11.8178968288033
-11.5450886636419
-11.2824173907892
-11.4207089927554
-11.4619420459270
-11.7041467453897
-11.8338411478850
-11.6153064659042
-11.8288307393543
-12.3606175174536
-12.3841039885219
-12.4436757044370
-12.5156593347444
-12.8382194562540
-13.0256069801886
-13.3122991153208
-13.1592599968811
-12.7302195220139
-12.4522016596749
-12.5456971622373
-12.6244869254584
-12.4972999265105
-12.6104912953161
-12.4444138499984
-12.3855831240242
-12.1280215219129
-11.7240059993029
-11.3057578533939
-11.5254236946435
-11.7812871664150
-11.9055131718337
-11.4389982446744
-11.7339336267802
-11.6172390045266
-11.2475934626269
-11.1313071023376
-11.1039396753648
-11.1205789324605
-11.3215291409223
-11.4711059209377
-11.4606443567728
-11.0504556344509
-11.4118178668422
-11.0267123938143
-10.9205253235784
-10.9968279843442
-10.7444837013170
-10.7739871209551
-10.8446549866878
-10.7857436596343
-10.2784475461624
-10.2701434272185
-10.1415900621672
-10.3231096445138
-10.5096057453142
-10.0741199363257
-10.1641822959379
-10.2587920324304
-9.97279214970585
-9.88604838975765
-9.80871316106691
-10.0513929943500
-9.98073741093459
-9.99294007378757
-10.6611400151275
-10.5948702753986
-10.7010450990144
-10.7923062888247
-10.7850279515843
-11.1402056517901
-11.5239804615402
-11.5040347822331
-11.5385002047718
-11.5661515950463
-11.5885573776916
-11.4317338867181
-11.6425109715523
-11.9863701299395
-11.9225751403998
-11.8223267792475
-11.7653781566803
-11.9679656068316
-11.6978181057003
-11.7049327179572
-11.6272849565661
-11.7644864742902
-11.6996057554816
-11.3611427429957
-11.7170813648963
-11.7344525766127
-12.0766393016545
-12.5768057460293
-12.3384412598383
-12.4269681562046
-12.7972913545318
-12.7085917518959
-12.3321600349856
-12.3858296527201
-11.7515008926906
-12.2227227542111
-12.3490632777697
-12.0295194140374
-12.1698688104021
-12.2788626343979
-12.3896006469223
-12.1237111166115
-11.7835058448318
-11.4686280251341
-11.3236324412290
-10.7019937924096
-10.5439826417547
-11.1624782151393
-11.4678286270529
-11.6086536824372
-11.5305245859950
-11.2218516557924
-11.1700310973286
-11.5681553193326
-11.6720403334334
-11.8302920590619
-11.7000851714030
-11.3398174973025
-10.9133453403867
-10.8849600006692
-11.0901355027859
-10.5959744243094
-10.3802821268551
-10.0670416141587
-10.0928845523803
-10.2357052275504
-10.1653822837236
-9.97524730125158
-9.71201937305940
-9.56483329380436
-9.09810470385127
-9.25709574488009
-9.46071459299110
-9.72980734514820
-10.1749828959367
-9.98166308860497
-9.86727986185306
-10.2338270148020
-10.1744103112374
-9.71915312287285
-11.4448439247361
-11.3670945577450
-11.5663809900232
-11.2644331218551
-11.1620812355568
-10.9546225577325
-11.2954284934436
-11.0526742298527
-11.0976321349113
-11.2155890674364
-11.7499666205813
-11.6407833471270
-11.2776054592793
-11.5496517124724
-11.3199861997665
-11.3394157982973
-11.6457918920233
-11.6293507442477
-12.2366469802677
-12.3298742816090
-12.3538796338873
-11.8575942721464
-11.9228398512670
-12.0199092498174
-11.8905580748080
-12.0040542078560
-12.1323487621089
-11.9747174623444
-12.2979359024401
-12.1829470209520
-12.1578575183747
-12.0181619831884
-11.7913867235452
-12.2833378993924
-12.3373146893365
-12.4249285532476
-12.1841739072309
-12.0890830717688
-11.4928397724305
-11.3303065245686
-11.5131678251027
-11.5948084777696
-11.4886248274916
-11.4021432894590
-10.8556435294132
-11.4367168636723
-11.5247405574891
-11.9094232359972
-11.7668215463736
-12.0519524953981
-11.8428959392877
-11.1218855496654
-11.1360014137939
-11.1969820693497
-11.2864245326930
-11.0516385317374
-10.8286930115342
-10.5646769931034
-10.4573138496102
-10.6218073444446
-10.4111451418178
-9.82390422859656
-9.71390475107032
-9.90052674878793
-9.85123734701528
-9.68797227146587
-9.66783174794075
-10.0597407650522
-9.93542639219956
-9.78279897221079
-9.41971134879227
-9.98993830873417
-10.1557695425744
-10.3513928283957
-9.96011121410604
-10.5617198714490
-9.92120205217110
-9.50252557895043
-9.81564652583332
-9.43090992809587
-12.0617775044383
-12.5076490585959
-12.3703889974455
-11.4198870588542
-11.6134197112806
-11.2473524053011
-11.1608400730173
-11.4180258061178
-11.5775534836437
-11.1003947661708
-10.6988396192104
-10.7239886978147
-10.2726524184654
-10.2213914768544
-10.9109027212690
-11.0509257056488
-11.0969588760415
-11.4718295522338
-11.6195474437305
-11.4948370400278
-11.3219299586478
-11.0329340674839
-11.0947064215233
-11.5518723947611
-11.8986196869194
-11.5576607049716
-11.6003476291340
-11.4474590687528
-11.4987572147188
-11.6524393546829
-12.1131490784853
-11.9687368551011
-12.3911754717557
-12.6845597326579
-12.6261544104841
-12.4188960942391
-12.6267769341689
-12.0753006161913
-11.7858635899014
-11.5938379131756
-11.6814969222444
-11.8775766915122
-11.8104698223879
-11.6159737946990
-11.0791419946367
-11.3927400142801
-11.4288465028536
-11.1653254837589
-11.2847563894098
-10.9610503350471
-11.0836895005214
-12.0956599545265
-11.9308758399446
-11.7885851585891
-10.8923728485432
-10.6750005245574
-11.1467679222497
-11.1396097010175
-10.7678403204674
-10.8579474850417
-10.1888830658915
-10.4059710806353
-10.0630945264887
-10.1168818978456
-9.88104142828086
-9.64000827158564
-9.13852946576556
-9.63647861833272
-9.81896005846780
-10.0275905248246
-10.1324000960629
-9.99390620352510
-9.93598187721453
-9.86712348474357
-9.85998134187864
-10.1141400799421
-9.68207894520609
-9.55597924934784
-9.10845903879320
-9.31974435764201
-11.3385372013196
-11.5160501089511
-11.3971839681200
-11.3512507646759
-11.3520283736624
-11.2737118062405
-11.0096376247892
-10.9152514571132
-10.6119468474018
-10.7042390760312
-10.8696186472344
-11.0444204471266
-11.0361625405711
-10.6155980548014
-10.5519404667431
-10.8205418187537
-10.5920394472387
-10.5782205104847
-10.6240696254467
-11.0394192957895
-10.6828599391769
-11.2179715689468
-11.1932946564971
-10.6557402648502
-11.0922065915643
-11.2746393892522
-10.7057674069043
-10.6082361692987
-11.0289024780744
-11.7693546440456
-12.6159604257681
-12.3295692906560
-12.4378480701757
-12.7636862332970
-13.0195271079073
-12.7412392270890
-12.6230685140937
-12.5401750712139
-12.1068145982915
-12.0786019168356
-11.7367638309895
-11.0564641173411
-11.2753019897826
-10.9422259079768
-10.7433633187937
-11.2205787570644
-11.1865253290418
-10.8575392048604
-11.5578375869607
-10.8459987205184
-11.5800845491557
-11.3849276355546
-11.9570290845999
-11.4045087563926
-11.3657904574447
-10.5484159755910
-10.8957866657069
-11.2974817878946
-11.0845745950802
-10.6166684346048
-10.8531868054053
-10.4656627443424
-10.5472580269511
-10.4310493875571
-10.6144135167068
-10.4046417947274
-10.7887351176119
-10.6136203683212
-10.1957398544060
-10.1960690765175
-10.6039126830243
-10.7102062839722
-10.3442679870019
-10.2678046883089
-9.74872683881996
-9.66796409189916
-9.74653571456102
-9.80108044113897
-10.0461562036088
-10.2377548477554
-11.2091266694493
-11.2228689680794
-11.7176075543973
-11.6901039641909
-11.6034279655960
-11.6015303489522
-11.6779735658192
-11.4501029213962
-11.6204191844166
-11.4556620386865
-11.1294488752723
-10.9354560161420
-10.7191051649039
-11.1152653010020
-11.1174517795072
-11.2376372054851
-10.7627566815869
-11.0177363612432
-11.0280318390631
-11.1498027945066
-11.1118748631387
-11.2595130305749
-11.3302538412965
-10.9975663667425
-11.1005582078396
-11.0436839289478
-10.2125027941438
-10.2453317913708
-10.3615659824759
-10.8888606248897
-11.4827327508021
-11.7778737746160
-11.4031472185998
-12.1035961380276
-12.8687171014365
-12.8072354869404
-12.8502203851452
-12.9946123357791
-12.1024669520501
-12.1652643793141
-12.4539679592578
-11.8536600031463
-11.0960191012015
-11.1502946471851
-11.6493017186878
-10.7072808654926
-11.0858522918059
-10.8232887565976
-11.1741063428906
-11.5880373408160
-11.7020536445641
-11.4973283126577
-11.3485397778590
-11.4227408143167
-11.9078707606970
-10.9647624232121
-10.7878435917041
-9.58480587750620
-10.1809097563961
-10.8080291610706
-10.7669254232369
-10.8723623486981
-10.7283362381505
-10.6184727963751
-10.5356800343412
-10.4892724037420
-10.4577249771034
-10.1906751959235
-10.2463370103739
-10.0606949235694
-10.4948441155559
-10.3516035318777
-10.0310580708516
-10.1754157860150
-10.0762017884131
-9.69408881220811
-9.69713787939510
-10.0396324628341
-10.2235262147771
-10.4380597757581
-11.0618453901954
-11.1285573780701
-11.3461056409430
-11.5766723709541
-11.9033487554130
-11.5942280161775
-11.6856146814374
-11.6180783896191
-11.9718396464648
-11.9484970715065
-10.9782071255511
-11.0282589692102
-11.1495909075538
-11.1784157682466
-11.3897956288272
-11.3942657966986
-11.5613131849099
-11.3361237369000
-11.0730965301256
-11.2978497787326
-10.5722593267600
-10.6980105927453
-10.3995657182797
-10.2760533396666
-10.5858690039751
-10.5929716344425
-10.2212885882939
-10.2633257488658
-10.5733701132249
-10.4976401022379
-10.8137814973832
-11.0342516256427
-11.3374037610799
-11.3920354269130
-11.6957788172536
-11.8242717076150
-12.1934489593916
-11.1884613404074
-11.0267947817605
-10.7411331042125
-11.6166018087989
-10.6920460070976
-10.7399986570620
-11.1011569894473
-11.3643935053493
-11.1816472012996
-10.6909008731502
-10.6385741083114
-11.6470785727450
-12.0108168904856
-12.0377638566958
-11.0695764501591
-11.0193818736129
-10.7727849692663
-10.5078266220833
-10.6344598974656
-10.9095550900465
-10.8457982231498
-10.9982832270063
-11.0671578362466
-10.8317175390369
-11.3919949262365
-10.9362772549717
-10.3904548857192
-10.2108397002510
-10.0615935346320
-11.0074494656123
-10.0239462396277
-10.1981093556020
-10.6103100435416
-10.1363600841345
-10.0195982484313
-9.80954478477180
-9.78400526317098
-9.44650856845787
-9.52642842224600
-9.76894653722449
-9.44271427530257
-9.98360330334425
-10.1129694645926
-11.0212592757940
-10.8543006808770
-11.2493770071456
-11.3374922874921
-11.7514949299494
-11.9647687396304
-11.4879101162772
-11.4327658497883
-11.8128756704899
-11.0869191746144
-10.9546631989658
-10.7051682537421
-10.9388366707779
-11.0328764098320
-11.1183735067697
-10.8925338415914
-10.5913015487844
-10.6729083133250
-10.6978053078630
-10.7284514856795
-11.1718205664526
-11.2595236633874
-11.4552121993858
-10.6576462901886
-10.4952312393391
-10.5458586796660
-10.6189036218307
-9.90607253140064
-9.70037939184167
-10.0331753955209
-10.0867677343918
-10.0300089621185
-10.5618784565759
-10.8848488087606
-10.7349387313795
-11.2147450604987
-10.9633683923377
-10.4985450522749
-10.6540692421006
-11.9752365541670
-12.0658625127273
-11.0947727012578
-11.6094539540891
-11.4612272760104
-11.9057274345560
-12.6230173871887
-12.7010385587510
-11.8628944178418
-11.1920162780687
-11.5023331359779
-11.0861289439834
-11.0794606582786
-11.3387023710585
-11.1036447953416
-11.1803186495065
-11.1944477945567
-11.1822251281920
-11.1934816674040
-10.6268278910597
-10.7517599642382
-11.0254799334757
-10.8193737284798
-10.6672276755166
-10.3871360688165
-10.8808434334396
-10.4362261869519
-10.6091856870157
-10.0924904816382
-10.3853453166678
-9.91007369988870
-10.0045213737857
-10.0263964839691
-10.0978507998621
-10.0084097370107
-10.0348820416077
-10.4510938846152
-10.3560367193314
-10.1465222591602
-10.2532739076142
-10.2937863800476
-10.8267759630465
-11.5846825185811
-11.3790385040084
-11.5828068997546
-11.6159336758880
-11.2255322240173
-11.4940556644294
-11.6122412687636
-11.4263218619356
-11.5469655707423
-11.5509317441655
-10.9677925760092
-10.4886942813208
-10.2033205344971
-9.99696762667483
-9.90963078224690
-9.77869855332902
-9.44976150291248
-9.83320365519781
-10.1015045169708
-10.4914938943095
-10.0960100709169
-9.83343479498904
-9.69340122333595
-10.1917600698610
-10.2539056839346
-10.2274727605995
-10.0367036217404
-10.0107861162451
-10.0562672361754
-10.1047167691278
-10.1816734822191
-10.3668446035465
-10.6206946928192
-10.6205214810466
-10.8195650569803
-10.6974262342709
-10.5516297082599
-10.7675001740281
-10.9737552273605
-10.9497656031827
-11.9656162877152
-12.2031553221629
-11.0523136346292
-11.8406254156939
-11.5258035936364
-10.9511567510324
-11.0407803694230
-11.0924599058649
-10.5606743564018
-11.4347541967773
-10.5208492256370
-10.5328099356191
-10.6271850310880
-11.0437219255116
-11.2364500184682
-11.0446759599710
-11.2353332258420
-11.2689466410688
-10.6903440195730
-10.7596788624663
-10.6666643351594
-10.5128639208094
-10.2278948981049
-10.1796760793756
-10.9548545238704
-10.6697024382168
-10.8193958828340
-10.7851398428834
-10.4782170249743
-10.1255626598459
-9.91009066524509
-10.1984000769178
-10.5638887574213
-10.3996817282777
-10.5241188415333
-10.6471678921355
-11.2275435463294
-11.0902862875921
-10.7755048202968
-11.0310829788756
-11.1348699553672
-11.8208363777946
-11.5296391387817
-11.2478320849445
-11.2936435260273
-11.6906394229325
-11.4583721236784
-11.7110594254545
-11.4805662353066
-10.9279581602955
-10.3179988342546
-9.87236716023256
-8.96901175011164
-8.69888017855074
-9.09887140089701
-9.09767665235438
-8.81659273366551
-9.29458845045045
-9.33188991789100
-9.46478439723166
-9.51059476244833
-9.36078492604478
-9.82196876981269
-10.0121099732699
-9.59141956170689
-9.46338228189799
-9.35078672228870
-9.02144832548653
-9.53369713717235
-10.1969419299881
-10.0494843460719
-10.1780010090993
-10.5295179720771
-10.6186919412847
-10.8238406689288
-11.4116435442013
-11.4224903559488
-11.1311003599104
-10.5090241798839
-11.0233254482061
-10.9658524621537
-11.1333641647693
-10.6611773981382
-10.6995895629491
-10.8633819236550
-10.7071719130061
-10.5701471619241
-11.4641950922520
-10.8219161376243
-11.1970033281470
-11.2670673565552
-10.9542698307182
-10.6285939470255
-10.7641055195222
-11.3744350132946
-11.2477390963605
-11.2854864172273
-11.0572166939858
-10.5647998616752
-10.2545443412020
-10.6550083364703
-11.0830059006457
-10.4921144385420
-11.1076772465821
-10.5768575756491
-10.4940016269562
-10.2892117643346
-10.5905057129839
-10.5398435477831
-10.1133627767252
-10.1564712055178
-9.87710610316793
-10.6273230613133
-10.7980950111376
-10.9069881866582
-10.8382952717119
-11.0085539124714
-10.3986879781513
-10.5897500568243
-11.1624507948685
-11.1955361438867
-11.5534769214991
-11.3262592636496
-11.6350421719568
-12.1281446967736
-12.2820657881031
-12.3200398191900
-12.1814804734330
-11.8656598180410
-11.2555115978154
-10.8698363936960
-10.5965575115717
-10.1047258747729
-9.73603338441567
-9.58503957340744
-9.65039163901919
-9.87358916479910
-9.75665523377613
-9.96347777907969
-9.48146359702440
-9.76318965005074
-9.85952911138962
-9.70933127353491
-9.63264810836167
-9.24031217770552
-9.33006033559958
-9.21902427576436
-9.17451627714621
-9.20691432098248
-10.0624522143166
-10.3133970544750
-10.6088093627701
-10.7337997039908
-10.8994258678516
-10.6552211894395
-11.1812128851214
-11.5985666252181
-10.8421879966771
-10.9401073990125
-11.0028675906009
-10.7603996247955
-11.0973948489303
-10.7264729232953
-10.7131421634176
-10.8545374918903
-10.9031675711924
-11.2984432852608
-10.8714365794172
-10.6015721895009
-10.7096767674966
-10.8149389640118
-11.0249260798745
-10.8279551671517
-10.5966898063240
-10.5330615260804
-10.5504395213308
-10.0397940494447
-10.1615126676463
-10.4013109335157
-10.2008675060066
-11.4392937249185
-12.0448537301783
-11.0690604912998
-11.0373023656371
-10.9251704044153
-10.3299801892777
-10.2956005134873
-10.4896419305921
-10.2635066683199
-10.1804571990872
-10.4866260842210
-10.0033398682535
-10.3929586429778
-10.3213950555690
-10.5100619002378
-10.4330670645526
-10.8710174315063
-10.2859523402503
-10.1901908743588
-11.1799489228336
-11.0009633592631
-11.5025759742271
-11.3938739903036
-11.9004932858954
-11.8729032471934
-11.6699011641550
-11.8002413405253
-11.7916513923631
-12.1038064375306
-12.5923847080286
-11.6615965217726
-11.0617360338627
-10.8621246670028
-10.8721420439511
-10.6707248501868
-10.2538469925582
-10.0739292815918
-9.93148858757426
-9.67626869532905
-9.58804639381459
-9.89678629832195
-9.91914657578135
-9.41444006461244
-9.35188256191239
-9.42255755876574
-9.16065019566124
-9.39786172524493
-9.50982212565825
-9.33438138259519
-9.87547185378838
-10.2281581401282
-11.0107750667319
-11.1008587317709
-11.3719672866129
-11.0314808046789
-11.2597649874863
-10.7724649877140
-10.8281358793720
-11.4141026834443
-11.8591502249611
-11.3791411184690
-11.4319470064622
-11.0737479169574
-11.4209797423886
-10.9700755070005
-10.6651111757246
-10.7088936917932
-10.5543330490969
-10.7770318716091
-11.0249058399693
-10.8732836535363
-10.5364541117869
-10.3412252545412
-10.2261054828449
-11.0203947714463
-10.7024295177678
-10.4337762603734
-10.0787792461682
-10.2639118396164
-10.0557129166741
-10.8383877924094
-11.4574490995335
-12.2109228466259
-11.3719760599177
-11.4468859305715
-11.5066722200501
-10.6125985474731
-10.1194671945097
-10.1294156290435
-9.91925011366903
-9.93198757282590
-9.79861331046346
-10.4008014672354
-11.0321049562232
-10.5423982216724
-10.6623582454311
-10.6649451084040
-10.2041233264927
-9.94218594021484
-11.0908397082147
-11.0088922422476
-11.1581607672885
-11.5502134715238
-11.8161591148010
-11.3916037875031
-11.3537043567011
-11.5921871434368
-11.5523775929040
-11.5567242532475
-11.8707448892588
-11.2952976928168
-10.8904819758360
-10.9042605386459
-10.0195600448102
-10.0070119167512
-9.50097894110072
-9.24274172759713
-9.60401494369568
-9.64522750618489
-9.57289467186361
-9.38609786455920
-9.25285256834206
-9.07004179722915
-9.04852495901092
-9.02357803815913
-9.48608634878224
-9.33955106894902
-9.79066292124756
-10.0308126202015
-10.3860527421423
-9.79305509072564
-10.2530059479125
-10.5692552333665
-10.8202567181866
-10.7247715043290
-10.8485934363269
-10.3472033630675
-10.7334614143764
-11.3100541475506
-10.7062276400721
-10.7945138318278
-11.2044335852902
-11.8322998097806
-12.6026938271405
-12.5309009461284
-12.3504948591217
-12.5401992357065
-11.7185578977190
-10.7324874960226
-10.9242778442206
-11.0149993716967
-10.9802740827957
-10.5519160968273
-10.7812494690277
-10.7955305917631
-10.5784484749949
-10.5295589679207
-10.2912816836078
-9.98013469829469
-10.8762391834628
-10.2289718443333
-10.2599253362136
-10.6991854566459
-11.8224348397142
-11.6549242451084
-10.6371770783669
-10.7991828994213
-10.7194165518190
-10.5063999229297
-10.3487596437360
-10.4351711982698
-10.2492644867395
-10.2119122422092
-9.98518095581359
-10.3889397983263
-10.1246051782055
-10.1670973541654
-9.97464554002743
-10.1302186679572
-10.8747694834508
-10.7402031995264
-11.1565943004161
-11.8563714439904
-11.3900628768823
-11.2716791002541
-11.3467862119867
-11.2332430416966
-11.4399530802573
-11.8812188041284
-11.3891792948527
-10.9434556531246
-10.5576025648500
-10.0764360369617
-9.97247185526677
-9.31663254738315
-9.01958701769584
-9.18933194003050
-9.59572943663252
-9.29242237818707
-8.94913962216533
-8.54192307032035
-9.12482770696770
-9.47968551996790
-9.42075273583202
-9.36007298614367
-9.71535104861714
-9.08053421700850
-9.62957268752942
-9.91742257198767
-9.91724066033503
-9.81947963873079
-10.1752736021354
-9.91512475515303
-10.4233882916385
-9.99025445828556
-10.0762455193132
-10.8294025239563
-10.6628237423980
-10.3846992125016
-10.7312575411525
-10.7315788132912
-10.8106637664139
-11.2703912293489
-10.8124836386153
-10.7467924345772
-11.6056558433870
-11.8011903644624
-11.8288049002852
-10.2967603836872
-10.4244746341904
-10.7472450452627
-10.6664150358406
-10.8880665799143
-10.5525686072915
-10.4936062575609
-10.7395703771384
-10.8255173766349
-10.5141140916460
-10.2688203066259
-10.2319583498485
-10.7580213299884
-11.0629701348811
-11.7547921405617
-11.0507193292216
-10.6601170364546
-10.4115922180120
-10.5603894160984
-10.6763062487040
-10.5390903557381
-9.97491514354779
-9.85096178911638
-9.75947347940655
-10.0811621918819
-10.0431022657864
-10.0373073344109
-10.2574387522983
-9.69281267982506
-9.80849343054270
-9.74211057409926
-10.9258984808693
-11.8543215997178
-11.4550422337048
-11.1557945276686
-11.0004683462408
-11.1341031160425
-11.1114131202578
-11.1708735655650
-10.9884641755837
-10.9277836516422
-10.7940303790119
-10.7189324599665
-10.5415006264227
-10.1694163701223
-10.4545104448320
-10.3084815936683
-10.2125479693018
-10.0325392678944
-9.79637223845821
-9.39939001933602
-9.20924986607993
-9.00773155320463
-9.33083111988452
-8.90564954621015
-9.18347366854731
-9.78875499511020
-10.3451312980191
-10.0532175407561
-9.95020430113222
-10.0764376871259
-10.6034517550557
-10.5035083398063
-10.6777892579243
-11.1015295795209
-11.2468840139354
-10.8423387907191
-10.6896445344129
-10.3887785715976
-10.6797433516939
-10.7024002070556
-10.4250826319670
-10.6506745202152
-10.7963801143818
-11.0981059454772
-11.6508589724888
-11.1853201277783
-11.1410567750558
-10.6729767719248
-10.6519802924405
-10.2412141555881
-10.7246062852322
-10.7241632738566
-10.8494257742809
-11.0032828102395
-10.8397824734945
-10.4737220934383
-10.8918980799421
-10.9226848496136
-10.6729983072887
-10.4931335155820
-10.3999556637537
-10.0661950910663
-11.1725643484106
-11.6451494591107
-10.6873408609811
-10.4101760411427
-10.5185433019693
-10.4617560832316
-10.6250068636326
-10.0215786646387
-10.0183894614451
-9.74114467925601
-9.51542412409999
-9.78527818327022
-9.65164385644490
-9.68151555179073
-9.35098708600648
-9.15416871046886
-8.85571950563076
-9.27395329509676
-9.48982432144376
-9.41096998728142
-9.86019527552630
-10.1777980662281
-10.5704785470337
-10.1664202624558
-10.5690403340103
-10.6249391288128
-10.6321700433754
-10.7451947106179
-10.9886345132584
-10.6534671099642
-10.1988325143011
-10.2421575231235
-10.2366466121355
-9.92484098016580
-10.0538566670175
-9.87445441624934
-9.75935971831535
-9.69996902925869
-9.63356158717152
-9.69707109149473
-9.58231589518357
-9.01775448789590
-9.31656570094224
-9.58767916753629
-9.28323285935349
-9.22253962960987
-9.59959159679073
-9.99838197456424
-9.96313400969837
-10.3350756714599
-10.3849232245122
-10.2810631395501
-10.6601284799098
-10.6806539527308
-10.5546010648868
-11.0276856157188
-10.6052850532039
-10.6266237494338
-10.2925179340106
-10.4537386580024
-10.2247501054798
-10.2286796178463
-10.3508387397520
-10.5875988043232
-10.7974513784105
-10.6479697806874
-10.4218018003815
-10.6478077659494
-10.4991165890472
-10.2678266239028
-10.2776749572706
-10.4668408090311
-10.4109730470387
-11.1090344159408
-10.4145683718740
-10.5355506073792
-11.0397810373434
-10.9515134285039
-10.6909329845119
-10.7723789600189
-10.3002031530938
-10.4288276118345
-11.1986261784641
-10.5427683104943
-10.3841457695075
-10.4239304321675
-9.95449947644484
-9.42342040557227
-9.96321705918840
-10.1314390920415
-9.96204908000643
-9.57491517744199
-9.13750459492742
-9.09855013562310
-9.22996089923731
-9.33164779936683
-9.16559905044156
-9.10499671689289
-9.80575168479455
-9.65757632161898
-9.52840405799231
-9.60682225614852
-9.44470488791553
-10.0792651238366
-10.3031142707390
-10.0226626714360
-9.87038887041014
-9.90794145907096
-9.56844204425860
-9.98529074490367
-10.1905656379510
-9.99872985753340
-10.5036006924624
-10.6230332610484
-10.7236839487353
-10.3550913940228
-10.2948384070418
-9.87233965992771
-9.64001783420182
-9.80314799408981
-10.1067370664703
-9.89135595297315
-9.69165368977140
-8.95778604947006
-8.99697669735449
-9.22664505301231
-9.45254128654633
-9.51825746168400
-8.91800227264276
-8.95617036223229
-9.18709528391063
-9.34899098784369
-9.34768459990097
-9.50990770006936
-9.93553336102513
-10.1050731554380
-10.3447985632855
-10.1361254630501
-10.7333213637852
-10.8024320247192
-10.9724359822491
-11.0468684922815
-10.8959314264504
-10.4355055114480
-10.6051733411890
-10.4891565749294
-10.1709159267336
-10.2396446848258
-10.3052494355956
-10.1999946016374
-10.5497863575511
-10.6801618271206
-10.6758349440065
-10.3435431165661
-10.9786918563195
-10.6079999261305
-10.5770833807483
-10.4969381502921
-11.0986910449151
-10.6201000835776
-11.2234308034665
-10.5022765311036
-10.5434287553849
-11.6803525650415
-10.5544088605641
-10.2314804244517
-9.89980206494467
-9.99401676311861
-10.0433333933856
-9.78663201777322
-9.10472744080357
-8.97306244591984
-8.69258128210846
-8.75971302761593
-9.42581800824590
-9.38562133834433
-9.07966206159785
-9.34508866132850
-8.96529268680781
-9.06801512863401
-9.23700596341888
-9.49806893095893
-9.75022041035426
-9.49741153884352
-9.73073784619667
-9.70889108136550
-9.90669195352922
-9.80970493190851
-9.80385578170935
-10.1215289782216
-10.6327662384497
-10.7105929360961
-10.4482936343877
-10.3448611506075
-10.1028841494035
-10.1245250071508
-10.3197954774767
-10.3517549401618
-10.3113732341101
-9.97309867593758
-9.98330686538882
-9.93107617990468
-9.88356562243625
-9.60166306565952
-9.27903767629609
-9.63805540060291
-9.58739589314844
-9.42933830302571
-9.42614124559171
-9.05594811757016
-9.15499821287613
-8.87633771271656
-9.28380740483826
-9.09522669015910
-9.48214070041722
-9.51235322292050
-10.0433247529147
-10.1905054607507
-10.0309660395271
-10.4559971520442
-11.6091791689387
-11.7057290016552
-10.1124123459396
-10.3176381122564
-10.4084992368206
-10.5844765038856
-10.6638954254204
-10.9190247017678
-10.3180636689855
-11.1303148948366
-10.9950769263643
-12.2058454897503
-11.5674350536285
-10.9931192834756
-11.5261737269135
-10.5890619026593
-11.5771272762826
-12.0529624608853
-11.6046916275475
-11.4447945740830
-10.9203959323300
-11.4013252195903
-11.4607279596127
-10.4649506175860
-10.4464217283477
-10.5550379415368
-9.89262171388852
-9.85962780480874
-10.0005385470372
-9.50458786260757
-9.31969917501944
-8.98134729695955
-8.86574147347692
-9.09640466348808
-9.36677471155459
-10.0330536617819
-10.2444712189345
-10.3164485341820
-8.78751903387304
-8.56485324436891
-8.32036259583661
-8.61556528304243
-8.76711485728849
-9.14030066452320
-9.04925173149936
-8.86246270354434
-8.93670823375975
-9.23306636760659
-9.33631705083739
-9.47474074960419
-9.51607560531368
-9.70443383773129
-9.85438690225646
-10.2445234482826
-10.4050049515440
-10.2831683557352
-10.1529984794685
-9.95447697938689
-9.58074247743984
-9.30484674471095
-9.13919636008401
-9.37823638016768
-9.59802369045698
-9.62049333750052
-9.99042611643150
-9.73157218764396
-9.55679186711176
-9.27236565154984
-9.17043623266635
-9.41097983150922
-9.62538101259109
-9.17772069247179
-9.06993912297177
-9.82155965011595
-9.73280119977282
-9.76868112884935
-9.79014876117536
-10.1487622622331
-10.3148693003985
-10.8226060033572
-10.7583678645774
-10.4144633292187
-10.4858280451356
-11.5369741549941
-10.4125480271189
-10.9147339628169
-12.3083228701051
-11.9518184690883
-12.1282127062506
-12.7247643245962
-12.8359808661127
-12.9316180807079
-12.0035724286223
-11.3223708910138
-10.0406502705135
-10.9228363042943
-10.2881150577864
-10.4684962086493
-11.4718501611001
-11.4461790641053
-10.9564490620121
-11.4963683942583
-10.3728175609122
-10.0418988634190
-10.1854037064029
-10.0758158198046
-10.7239427229233
-10.3631850422279
-9.53101911804013
-8.60692088081161
-9.04996053671302
-9.34615067297820
-10.0879313415047
-10.5741606041694
-11.1281904105875
-11.5036940282620
-11.5351129805768
-11.2051512969249
-8.91695590798910
-8.85071206263391
-8.93697944876715
-8.98627952398734
-8.63835818092056
-9.06674797424475
-8.87648971574823
-9.23410761897310
-9.38268648051101
-9.68685926063739
-9.50350374030975
-9.33059320910291
-8.99926412188951
-9.13033891788908
-9.73756391180851
-9.86607621369840
-9.54706064572848
-9.79715358936126
-9.57415184773906
-9.53016122924267
-9.34732322753446
-9.49381113331883
-9.29893709504473
-9.47306357222963
-9.54991570548299
-9.59343099636435
-9.91673408336540
-10.0030716607146
-9.93713385985783
-10.3539213879806
-10.1413631648111
-9.73614049150795
-9.40828201226934
-9.22771126183212
-9.90160178786385
-9.69312166659581
-9.41448440676937
-9.50803335436822
-9.62704166829035
-9.87732521625329
-10.2266300513988
-10.5128339763207
-10.6093417239000
-10.2911844893593
-10.7875582347498
-12.0044881514450
-10.4133893719097
-12.0443121588274
-12.8914243460577
-11.3058272166947
-11.3646362438748
-11.9801360206300
-11.2709309864225
-11.4172960471031
-12.0623053422271
-11.9878122365412
-12.0979319113558
-10.3868500620447
-10.0998031620096
-10.1388788979224
-10.1549834431593
-10.3118563675543
-10.0129865129963
-10.2791983666596
-10.2983961830939
-10.2921819217771
-10.0458621281746
-10.1019420655548
-9.68875151399657
-9.87786071266139
-9.52680353125192
-9.39663502095952
-9.69242270866833
-10.0586440736424
-10.9536294133886
-10.8749976652325
-11.0980906683428
-11.2796635157295
-10.9014624233502
-10.9902800180332
-9.56699126715332
-9.44223329203264
-9.54893046382321
-9.58628898386393
-9.63316978004087
-9.12764166478372
-9.26803271084018
-9.25217149768367
-9.57109689492720
-9.89200149504192
-9.74626646718595
-9.14944686343798
-9.15584083575824
-9.27741677749476
-9.32236407704796
-9.63285328047929
-9.01754874928655
-8.92130440229256
-8.77203548106634
-9.04936641819732
-8.97256412846661
-8.87086838761484
-9.05087109354410
-9.46302380476555
-9.73495104391889
-9.66612657039304
-9.60820043735719
-10.0620133972939
-10.3612793806346
-10.4630223801412
-10.5086159511030
-10.5559724267433
-10.5243908527156
-10.4035642048075
-9.80107603266721
-9.61181699066472
-9.46229727507081
-9.20210895105107
-9.48765697278778
-10.0195746112571
-9.83007552401475
-9.77728999539606
-10.1736295665482
-10.3103512606398
-10.1752980189564
-10.4678914209917
-10.8154934644867
-10.8017099226861
-11.3447643536339
-11.3037153855354
-11.9461943989212
-11.8143183897165
-12.7260704413495
-11.2211140314464
-11.4748770289121
-10.7018120234561
-10.6808022983813
-10.9175556550420
-10.4565492137836
-10.5433395802039
-11.4399526888414
-11.4609190221068
-11.5805516954661
-11.4792522339012
-11.7106681053576
-11.6439181914473
-11.3914822948427
-11.0690512590308
-10.9463770996064
-10.3303034471112
-10.2516961528647
-10.4280912498272
-10.4746539513954
-10.6464344197314
-10.7632416998569
-10.7867117077202
-11.1717394345651
-11.0876372072026
-11.0098523976041
-10.5829981239458
-10.1268438482145
-10.2660995537991
-10.5046745338429
-9.85842034730294
-9.86561115451941
-9.95000834187836
-9.42158081274776
-9.33780713973693
-9.58875070460285
-9.20224217522076
-9.05471136390890
-8.95921450166067
-8.74355920993968
-8.70407886811745
-8.95224442183321
-9.11276931294079
-8.78664102430926
-8.44891326633672
-8.38360059584903
-8.29969274990719
-8.79754201704642
-9.00379645407565
-8.70042762137389
-8.85806795670516
-9.64682503949812
-9.80311754234507
-9.99317744529402
-9.93704222717365
-9.93917249756518
-10.1950012117045
-10.7376887298570
-10.6706562970390
-10.5546663094034
-10.3353669833600
-10.2009614971103
-10.3837861030786
-10.5839542149009
-10.6003816936151
-10.5114958647300
-10.6854945670356
-10.4564818079381
-10.6255191225578
-10.5361554257859
-10.3570421876970
-10.7798025395858
-10.6725408791789
-10.8391168515674
-10.8864815847756
-10.4704357792122
-10.1211918623893
-10.8516199019917
-10.3920326992625
-10.2641870681040
-10.3767800680441
-10.7315250855839
-10.4103142848590
-10.4286763288080
-10.5804861664152
-10.6306094193538
-10.9835184839093
-10.9935499093043
-11.3428258909413
-11.3406414284148
-11.8699978873345
-12.3733534409380
-12.6678043166679
-12.4130206355309
-12.1855342703767
-11.5272578368899
-11.2797193335660
-10.5960502159432
-11.0802828113436
-11.0354487540990
-10.6156485665044
-10.6837489971078
-10.7209979707792
-10.9240899075538
-11.0199978477962
-10.9877053696270
-11.1292358939340
-10.2023803446436
-10.0000950261457
-9.32169965583977
-9.51550826488516
-9.45755988460672
-9.47635217168758
-8.81907047509712
-8.85669558649238
-9.11204441776741
-8.24804613233037
-8.64417965081422
-8.84827163740354
-8.62461746452290
-8.47026204910174
-8.63461693103808
-8.39017385588829
-8.43838585516846
-8.64548479567000
-8.43321461044897
-8.30010425350981
-8.33603872710583
-8.35692341834267
-8.27466162512106
-7.98829476851640
-8.48286592586827
-9.61847168379152
-9.86907390667199
-9.66731789007003
-9.28950511406170
-9.69536628111745
-10.2109370618165
-10.3834862466134
-10.9397208509706
-10.4052081025728
-10.1333533339208
-10.5310255869471
-10.4585317583585
-10.8363328621375
-10.7941755275508
-10.9651901098602
-10.9287099968276
-11.0984461840126
-11.1677648332841
-11.1747174461074
-10.6951826060563
-10.0815992329447
-9.89910382150341
-10.1032435339743
-10.3888825185550
-10.8449842512889
-10.5844807704048
-10.6234380360128
-10.4813953826989
-10.1095329042755
-11.1255193228491
-11.4866355898898
-11.3341662186233
-11.4669833308879
-11.9115943534863
-11.6290918709374
-11.5494878535637
-11.3784508033743
-11.7671471229782
-11.8376640597506
-11.9978691037647
-11.6920422213679
-12.0958022315245
-11.7382474416507
-11.5930875051317
-11.5818667000280
-11.1629434499884
-11.1792290255439
-10.9767943743826
-10.8722271410601
-10.9636563815296
-10.8195294764256
-11.1033970328827
-10.8532807617140
-10.8591438481096
-10.9773426053520
-10.0686584684710
-10.1281617615083
-10.3758349558988
-9.69535627221029
-9.77624442361337
-9.72640611106179
-9.57316407515279
-9.14779878488930
-9.16934663323543
-9.24546041275272
-9.35211626887292
-9.27294911993850
-9.15494204008027
-9.16293655992069
-8.73726591897593
-7.84271237791089
-8.29182101109058
-8.18613799471366
-8.48569784776528
-8.37139459700610
-8.61214744140252
-8.61394160674739
-9.01483350070590
-8.71198645546637
-8.89070264362482
-9.00925810123887
-8.97570963987335
-9.10465944282808
-9.30721146424187
-10.0754262631525
-9.93430203918635
-10.0741863591384
-10.3139235107797
-10.9748151237699
-11.2075952751348
-10.9966243803679
-11.2678323669489
-10.7007695683717
-10.5241509592386
-10.4874000526850
-10.8402234483532
-11.2687850009488
-10.3651387554383
-10.5251118794984
-10.6951743181711
-10.3518843584941
-10.3825424651315
-10.4073092961766
-10.3886902519278
-10.7254548248422
-10.3829942511912
-10.6531016607627
-10.5933595160796
-10.8363286926845
-10.8622377700374
-11.0736979450414
-11.2647710282619
-11.1886090838972
-11.5813837274222
-11.3529227432136
-11.4109587434009
-12.0764165696189
-11.6563613400562
-11.5581471701718
-11.5160795693019
-11.8152721308753
-12.0530229864434
-11.8816508395435
-11.7438866015817
-11.8514053262494
-11.7344021862134
-11.9085108919822
-11.5777123621958
-11.7352263023815
-11.3377183772632
-11.2276874229452
-11.6694718320574
-11.8094901196825
-11.6476062245500
-11.1082705957050
-9.98205388561325
-9.93841901496486
-10.2802644262565
-9.70284750419070
-9.62140600180352
-9.25406615680827
-9.61412833928869
-9.51256966439835
-9.31057941678661
-9.58370901175360
-9.28490226630009
-9.34563765012304
-8.72715846083005
-8.10041902660057
-8.20583469515613
-8.62842728069938
-8.67783022919571
-8.92687567541147
-8.98417964428991
-8.62098353608996
-8.92297989470317
-8.93709955073398
-8.85010953942253
-8.93737998890119
-8.97523250089038
-9.25396176438773
-9.40505820379608
-9.89815140051273
-9.67529537204579
-10.1658431559727
-10.6417432590759
-10.8272418894486
-10.4984762628815
-10.7919912899789
-10.9323508348056
-10.9059938305939
-10.5880417160121
-10.6823619311581
-10.3445866460882
-11.0852367322446
-11.2213733193561
-11.3479137033187
-10.7974624366637
-11.0621633327629
-10.6605727707131
-10.5139933028276
-10.7504223200479
-11.2121205263652
-11.3083444927938
-10.4854375715398
-10.4251741190532
-10.2864906616347
-10.6324559967290
-10.6520656240642
-10.8072364804710
-11.2397037562990
-11.2340273609554
-11.2350162213750
-11.3240396927151
-11.5172110581239
-11.9135304318241
-12.0484104158617
-11.6549914613111
-11.6733842016092
-11.7321703516111
-11.4525507812709
-11.4239024707595
-11.7467881678054
-12.2047984120194
-12.1246661041200
-12.0608528457842
-12.0907918615142
-12.1932227343414
-11.7019225082353
-11.2815320834475
-11.2097258675756
-11.2088599846456
-11.0188094787568
-11.4972615920293
-11.6727263150331
-10.5310136694223
-10.0816770449053
-10.0943304314245
-10.0150450531010
-9.76777436631142
-10.0155688667825
-9.88353105227876
-9.75432766343578
-10.1738802200764
-10.0626679447734
-9.68898657216390
-9.87587165363118
-9.41102347520284
-9.18305607210447
-8.79003208902855
-8.89546562382025
-8.82987195923428
-8.68004084011935
-8.84550653126485
-9.46569618987124
-9.73663746340921
-9.60166295306258
-9.71003041229265
-9.39479523459560
-9.67105315911946
-9.42535923031639
-10.3044602500459
-10.4003115510797
-10.6834248291214
-10.6412074599589
-10.6149324033615
-10.4566913752052
-10.3279233358681
-10.4741431060341
-11.1252889619137
-11.6369227518256
-11.6404855065899
-11.5412663954114
-12.2118943262483
-12.3919117498356
-10.6356376905868
-10.2766631439097
-10.6272012088450
-11.2915904115692
-11.0723714631804
-10.6865660783803
-10.2858971756639
-10.3254194360653
-10.4288180558701
-10.3033326532009
-10.5339993458901
-10.5112036038645
-10.7533556730310
-10.8510897774169
-10.9924110139476
-11.3406019022809
-11.3391513621842
-10.4367425116091
-10.2138695502765
-10.5729488604869
-10.7139574635248
-11.4166372538110
-11.6029649426208
-11.3933351141630
-11.4062892929606
-11.2867307598145
-11.1664495948255
-11.2051275885837
-11.1813554166070
-11.7610683182342
-11.4539188354689
-11.5054661415167
-11.5207101171906
-11.3649008386554
-11.0159228699055
-10.6995138213519
-10.8523792477533
-11.1048079953015
-11.9378655062197
-11.6345563969686
-10.6935463271144
-10.3450444140191
-10.4700377918802
-10.1907460483948
-10.1050555100405
-10.0818247199455
-10.1966076544846
-9.93731840828253
-10.1176295360281
-9.99811580410199
-10.1660698363891
-10.2024469535145
-10.1430137789163
-10.1578033481515
-9.34758888253269
-9.54211928716623
-10.1898507638014
-10.3271782308802
-10.1044139639128
-10.1517360884768
-10.2505415574603
-10.5158325737976
-10.2848559566245
-10.2492900153568
-10.2296194489417
-11.0892649197371
-10.9602504280755
-11.4761574835639
-11.2006061417977
-10.7645648728810
-10.3845651023644
-10.4029902074692
-11.7242698944241
-10.5480090491015
-11.7229089886604
-10.5246267945331
-11.0474649159762
-11.2126707903697
-11.4767594018758
-10.9484364920046
-10.6649974065692
-11.0250910493077
-10.9499023007232
-11.6132830784079
-13.2471344018600
-12.2690855074282
-12.2729817405936
-13.1177420745602
-12.2781432150315
-11.6051438383650
-13.2219233535102
-10.9628789666153
-12.1601242373336
-10.9997662152217
-12.1399171191044
-11.4867026365385
-11.0522714882672
-10.1649104171524
-10.8096413024862
-10.8159972157322
-10.5444241299906
-11.0669228631658
-11.7609410738725
-11.9457042971795
-11.4927742609311
-10.8981265913062
-10.8802435323695
-10.7337953987596
-10.6611196196083
-10.8497310825292
-10.6387102787879
-10.6384868997452
-10.9439630762723
-10.7913058398443
-11.0559313926209
-11.8086310561168
-11.5372612566233
-11.5642772853266
-12.1389513237629
-12.1115639022185
-9.91894745268693
-9.82107385898464
-9.89133785309379
-9.78407348962557
-9.64534895100985
-9.59804147516962
-9.50027926369583
-9.44452022360339
-9.82966621689172
-10.0168542578121
-10.0523545636962
-10.1908948796459
-10.2107731888795
-10.0417861118759
-9.92040985736311
-10.0109670599539
-10.4118540751997
-10.5803563077159
-10.6262652796048
-10.5737652006206
-10.8271903610712
-10.9075090156217
-10.7739848063388
-11.0626219226966
-11.2391111755337
-11.2716651897834
-11.2659983299608
-10.9513185828763
-11.1868884932295
-10.7610399448323
-10.3817214067006
-10.5613928525917
-10.5554727951640
-10.5121297022178
-10.3137691458037
-10.6506007186395
-10.4992515806466
-10.8915359819528
-12.0555143290952
-13.0808704680637
-12.8097823986842
-12.8674127591650
-13.1731149382921
-12.1736698277166
-13.1573209732287
-12.9096941514849
-13.0121812353678
-14.3678375475325
-14.3536538342192
-14.2214200798645
-12.8718718917683
-14.2644541359967
-14.1785732775746
-14.2505722416326
-12.8194875860888
-12.0470047505867
-10.4762936171987
-10.6046035019856
-10.9284496945836
-10.8868800254163
-10.8102675263977
-10.8188176905224
-11.1962354710372
-11.5205172348413
-11.1825881785756
-11.2821819682331
-11.2953654250431
-11.1358043451795
-10.9587104606799
-11.0325547282432
-10.6954093776806
-10.9685457148628
-10.5042159129175
-10.8740121103260
-11.2968382530629
-11.4010976447254
-11.5211112083948
-11.6382846762800
-12.1223025661356
-12.4232333648846
-9.48921774570431
-9.87985923582731
-9.95152306387046
-9.95874455068875
-9.83590136130171
-9.48183716136289
-9.68921532110460
-9.85767683661022
-9.83956514339377
-9.37938940809366
-9.31833157415886
-9.36798526563759
-9.44147147692053
-9.37817608632659
-9.36950923399279
-9.38999432664022
-9.92646762205649
-10.1025445495631
-10.2958637896891
-10.0898982164337
-10.2004091327171
-10.7015571799086
-10.7708262206414
-11.1822734509373
-11.1752361658788
-10.8148072515926
-10.4822464361146
-10.8885126007161
-10.7551698026838
-10.6497989017012
-10.7501567551911
-10.5899587638627
-10.9538021093344
-10.4321657729485
-11.4993597678694
-10.9705049999385
-11.4275586139584
-11.3650184105421
-12.1812002905482
-13.0684706243195
-12.9535136048328
-12.8955809206910
-12.8638747767665
-11.9804194336392
-11.9472968717169
-12.9326586430393
-12.1653690360702
-12.9979634225573
-13.1626350023088
-12.0668617434033
-12.0703089376692
-12.1179929222229
-11.5260266721702
-10.8402114891194
-10.8362915046728
-10.9280942354920
-10.4660039390838
-10.5416793895769
-10.6850790614107
-10.9318204988945
-10.9229961019283
-10.5174857219465
-9.95952759268866
-10.1654169212459
-10.5867015808270
-10.5007648064285
-11.1092698665237
-10.8300162817648
-10.7498774279340
-10.6914024984181
-10.9800267662816
-10.9120157172905
-10.8635053097360
-10.8548073025955
-11.2077156400815
-11.0250585378752
-11.1954956179010
-11.2706373977718
-11.3803033315418
-11.7053577161751
-9.81404555824707
-9.40326457777740
-9.36294445186326
-8.87688943795457
-9.76329493035331
-9.72164781832987
-9.43628469414724
-10.0391696636632
-10.1013764225738
-10.0717891287935
-9.63996509005232
-9.10348631842641
-9.14950744166940
-9.20781818634164
-9.61604156087176
-9.41739533747219
-9.41987874631198
-9.54121240661814
-9.76087571938577
-9.54059309231830
-10.0663872644965
-10.0547162693765
-10.2624036410283
-10.0355983621117
-9.89721587339760
-10.4512946387565
-10.3845015914622
-10.5983356782840
-10.1849238530101
-9.99840976211884
-10.2615341234352
-10.1395398103171
-10.0634715631055
-10.8993178305103
-9.94816792419648
-10.4859131565305
-10.3489367202472
-11.1493053153696
-10.3566277497004
-10.4652035072161
-10.4450805621183
-11.3865401319158
-10.3154300325043
-10.4362290042247
-10.6073647485582
-10.3528987917036
-10.7264215345851
-9.89281277415351
-10.3621449204234
-10.5305558073657
-9.92767976599926
-9.93371304284873
-10.2252335881191
-10.0394333948076
-10.0961191569496
-10.3239324636435
-10.8711059300290
-10.3742607085106
-10.2532047887747
-10.5336980250993
-10.6404875193710
-10.4795380148302
-10.4782981651475
-10.0550746025809
-10.2420533741333
-10.0905416444165
-10.0565348798328
-10.4558190585914
-10.9233702990176
-10.8321351673751
-10.6460945269873
-10.8017555455456
-11.3074314919489
-10.7772823140224
-10.4533389120319
-10.8029477162417
-10.5531565215589
-10.8606807288360
-11.3316322122689
-11.5899480295728
-9.78609874731594
-9.96211600924447
-9.85198820319271
-9.39706000883284
-9.34655623493557
-9.93192313699866
-9.56602883227841
-9.53340079558317
-9.73467262729683
-9.59576398971249
-9.47906055708828
-9.57076153643646
-9.55113415915446
-9.40206034087744
-10.0444823351908
-9.48912188667563
-9.91167350168498
-9.94800220434617
-9.33391588128673
-9.70486762205138
-9.86664666103275
-10.0925226199349
-10.0471984476591
-9.57179443708656
-10.0527639226322
-9.64670101163647
-9.52887284772144
-9.37892716995611
-9.81937062240073
-10.0193884540996
-10.0701933301564
-10.2826864125090
-10.3223311036182
-9.91868297585508
-10.4344356777741
-10.4361494077081
-11.0242797728531
-10.1846857124294
-11.0041005185700
-11.0466615789311
-10.5932663359947
-10.3750826840578
-10.1926370393283
-10.3502583711134
-10.2810942531176
-10.0484975209750
-9.85666556027013
-9.99029448360002
-10.5443403209758
-10.4269199968823
-10.3241978004527
-10.4701118850217
-10.4227673405255
-10.3351619993168
-10.7010092347249
-10.8444023396298
-10.5928813254554
-10.5274518299721
-10.3356211558404
-9.95036392690760
-9.34237351726274
-9.85863494405271
-9.48809664489451
-9.67263132829348
-9.42402863907388
-9.14227154336087
-9.55090116332841
-10.2972570959428
-10.9105297752827
-10.5330458722878
-9.90841244708837
-10.0897531358320
-10.0662259818572
-10.5104140609133
-10.5700609768431
-10.4879316277259
-10.4016343584373
-10.8373612777031
-11.4316295993603
-11.5777205106140
-10.0537369834723
-10.1053872703713
-10.2833790410888
-10.1957402047200
-9.86518375593727
-9.25416915532505
-9.59831873135875
-10.0931796593831
-9.70119341959907
-9.72375431727232
-9.21861631541865
-9.61023553854894
-9.37104332441014
-9.35038383228128
-9.64452599489741
-9.44419634662494
-9.31886357346065
-9.24530267692419
-9.14784286543696
-9.22416834164688
-9.16696162013154
-9.36667807626978
-9.59708710776306
-9.48378673638008
-9.80018317220782
-9.47135430361171
-9.79435369886175
-9.72343441145524
-9.51985850655420
-10.1444621243738
-10.2139845477197
-10.1990388575374
-9.96539002562420
-10.1690621098158
-10.0531511333406
-9.88865643745369
-10.3293068689224
-10.1960637312251
-10.6763543665150
-10.5592870157288
-10.6864122695080
-10.3318430289381
-10.0635583439641
-9.85956550810375
-9.86615901747271
-9.60637899073548
-9.80927697140422
-9.93541033719213
-10.1620531102373
-10.3845607300625
-10.3035885408946
-10.4777266746849
-10.0738842775972
-9.91319445987728
-9.81643926680384
-9.99664938534338
-9.79939912409674
-10.1397594852459
-10.0029203478512
-9.73701847594909
-9.85923443413085
-10.0154552316938
-10.2270165809120
-10.1009623581404
-9.45871831399746
-9.64900942350359
-9.79853337674334
-10.1716387843816
-10.4699802730076
-10.7335619447497
-10.7732425000086
-10.5164493942274
-10.4233176352891
-10.7587954816500
-10.2812995422447
-10.8201585699284
-11.2397427403975
-11.3851569080492
-11.5197327285289
-11.1683573159397