6.35222213954610
8.71474601459509
5.87144013899635
10.4505383203681
11.6016132398590
11.9366747036947
15.0746369776943
18.4604214665386
24.7088899397258
27.3982630298849
27.3907710598435
36.7168084663319
40.5857032249461
48.1301071268103
62.2932449038261
64.8872639417002
55.1449346517837
52.1157786077855
49.7590754898005
-18.9904745865704
-22.8906978663919
-29.0326369226850
-33.3972623486712
-43.7080327108353
-43.5625432296882
-30.5132289900821
-23.2586338666168
-18.7680839247860
-13.8291695329033
-11.3760038037586
-6.76012736824236
-6.32561810696915
-4.17335845816803
-2.18871269442488
-2.91716716199490
2.56848629281510
2.26307653945620
1.70963068083030
-11.3947654599048
-14.7153554188537
-13.2908924460855
-13.5524460416074
-13.0437462608345
-13.0232684033626
-14.0322469173245
-13.0164732961963
-12.9577320192090
-11.9304967124713
-11.2254253309605
-10.9556177023856
-12.6870038219887
-11.3062959088696
-12.1104070436154
-11.7474327414868
-10.4835213281033
-8.79742769171525
-10.7755379137537
-9.53306118723994
-8.97723440227125
-7.71642686118553
-9.99510429505224
-8.93571453583503
-8.46800097888778
-7.96247678211913
-7.55227810449605
-9.03560386682458
-10.6308013106376
-9.89288083725986
-10.2182507333200
-6.80799577599796
-9.77246688146689
-8.40473921629602
-9.33961051058826
-8.25221857457928
-9.89933123656788
-10.5310809693388
-10.5467319250915
-8.63332309014006
47.4773798433812
45.6793625121927
44.3336131506426
39.4178463739842
35.0929820534644
32.1114320899741
25.4074110436505
22.7753284158496
19.0261371650727
14.3414878596220
11.4963370864037
7.12245906851795
4.46767022110141
3.37551171601649
1.96831403222500
1.85497625261624
-3.14932067070139
-3.72534097542106
-5.18748542537096
-8.04441091785099
-7.52965815393477
-9.62809684145512
-7.58768847024609
-9.78611308232901
-9.16939316686068
-10.1036959299905
-9.47269820535064
-10.5311425621337
-9.54154667882605
-9.34401787639553
-8.37931021701845
-10.2580635357583
-12.1482842694399
-10.7749157473366
-8.49015167199536
-10.8138922883843
-8.66813013025943
-9.38495519999681
-7.94659437728106
-11.2143019993650
19.3476477740258
21.4569425147402
29.8001750307294
33.9696478942285
45.6994119779166
41.9187027420126
30.0048704188994
22.6590555907498
18.5674186178886
12.9090810672124
10.3949814581633
4.73501870008885
3.99931300222557
1.50030147484315
-0.921256022799202
-0.171450349094054
-1.41897793632944
-2.38849411775555
-4.18488294342811
-5.19401172165841
-7.06678158939669
-9.00021603033298
-10.1780352072484
-12.2075774349661
-15.7179883684468
-16.5914499715953
-19.8401855115676
-23.1256363051673
-26.9621526556640
-30.6124381093160
-37.1640087358831
-40.5081405773684
-49.4201538985445
-63.5018378516425
-67.3196460860285
-58.3704385845641
-51.9865817178714
-50.8747474795077
-12.9014141637872
-11.5509202315733
-13.8672560560526
-14.9895560307208
-15.4574265977354
-16.7730262436379
-18.0903683012437
-15.5949363078817
-17.3087264071127
-19.5793288407617
-22.0021713593521
-22.3900320305548
-22.3581811142315
-22.2442699383714
-25.4400544213152
-27.0359171558051
-26.4707102928387
-24.9530901669342
-25.3199303955671
-25.5422975810718
-10.5921026531457
-10.5882169041381
-11.5573440166191
-10.5264253884431
-13.0541524708708
-11.5370244435557
-13.1347993799337
-12.9082149389640
-12.2994726540555
-12.0818533464950
-14.4947176832652
-12.3574822908791
-13.1814638589530
-14.1129245535427
-14.4214621978988
-14.6007133501432
-14.8169836213517
-14.5940363755749
-14.6403046441512
-13.9105532097884
-1.46675331326663
-4.96960056431530
-8.38358833838874
-10.5870496429124
-14.3705877369986
-19.2249915435666
-21.1752721688690
-26.0078790808533
-30.5786760579005
-34.7083196644752
-39.4130506759446
-44.7396327709554
-47.3920176728038
-49.7303406343315
-51.1492883768088
-48.6415014053368
-49.8447653461600
-47.4427380501101
-45.3708845490274
-43.3873953314568
-39.5798375175393
-37.2138382299326
-33.1366174855759
-32.7965747425137
-31.6229924128893
-27.1039357018800
-25.7779408531092
-25.7007084509632
-25.5813997039797
-23.2874158164470
-21.9249360357248
-20.5291937460685
-20.1826326457765
-18.6605020870959
-17.9530147905676
-18.8895289068264
-17.9289949223314
-17.1082930939404
-16.3011835502782
-15.5765325066002
13.6566690413616
11.4449396585959
14.8839653591284
17.4843344063907
16.1060336010153
19.0618171626712
19.4513480013561
20.0540432362913
21.2465211675060
20.4674239858493
22.8908445201823
25.4829323506029
24.8274667746401
25.5533036134896
25.4803908873033
26.7949572699877
27.5687530126245
28.1659255574089
27.6575642582765
27.9694644162428
8.68600988660305
5.58475302950381
11.4549096804569
11.1745507006131
13.7073488195891
13.2046935250129
16.7693714357948
19.9487838362347
23.9570806912205
25.6747203021495
32.2064653264163
35.7068498003255
43.3991760484246
52.5599328886614
65.8899779671771
70.6975555042368
61.0314691108190
54.9198482634023
53.6718261574340
-22.9689178064042
-26.8137265213926
-29.2666340665063
-37.1509191509248
-49.6804679146094
-47.0706367343461
-31.3501343025910
-24.6899018261255
-18.3641927716950
-14.5726125414423
-12.0327367429414
-10.4857281031112
-7.32819764175028
-1.98727512946873
-2.96047838867781
-0.424251936635918
-1.59470517689890
2.63334201445265
3.11214730239342
-13.6110919165165
-13.9331062131605
-16.5410259207033
-13.6008276773241
-16.4308949199659
-16.5407863066433
-14.0522642897016
-14.9241129835705
-13.3491743785766
-12.8219961943160
-12.3460364547946
-13.5799011253830
-12.1179523768331
-12.1516336496849
-11.1291740015301
-11.1504349200741
-10.5571925740149
-11.3997548679246
-11.2774434561513
-10.0384115946946
26.1409425375842
29.2162675944860
30.0366345501913
32.6541551972924
35.5704912620486
37.7980021492418
38.1766553573199
41.0989920873168
44.2098748741301
46.3289186242464
49.3650685552610
51.5518069429558
51.6138924410599
52.7029917340708
49.7921374008385
50.5267247105185
45.1029562390059
40.3147160259978
36.8070353165772
31.0276881353679
27.1539413822984
22.0358250034718
20.5133947091842
15.5001363873296
8.14787149681550
7.65457893172761
2.71903212418893
1.10751982011919
-0.887747926681271
-2.33849597119188
-5.01278294940291
-4.52291985345392
-7.70812515177885
-7.83222587917032
-8.25808887937241
-9.45300640727884
-9.14431221461895
-10.0784408621524
-11.4674591836641
-12.6898973513861
15.3360189485557
13.1298329112255
14.0414947223106
14.6448809551460
14.2736309967340
13.2659807872020
13.6467684175481
13.8705180527769
15.2995684915040
12.7389683099930
14.1291254672878
13.3757751399485
12.5467519578708
11.4401452540399
11.9438490453738
11.8965787175407
10.3021019255136
11.7918302448708
10.6508057237098
11.3014194120403
21.7083173409542
23.6920299407532
28.6453826387943
35.6506067575342
44.7689698574957
46.5211149082455
35.4909901449394
26.5425935094080
19.7983050049906
16.2221926798594
11.2457532214866
11.2624894604959
7.92697840335213
5.80495677993525
2.55655973804333
2.51225013438233
0.703275715149097
0.310408581453105
-0.292868916642186
-6.57784161562871
-7.49316358687433
-8.00718633405559
-10.9140560841726
-10.2519294241539
-12.9028702892680
-15.2517586663558
-19.2023843582834
-21.9938609446206
-27.6226910225159
-31.1337763856830
-35.2002040107445
-40.1370624086724
-53.4888765479717
-78.7834070408000
-79.5781592818589
-70.3658321882927
-57.5942402485063
-55.6962789319564
-14.1089889289481
-15.7778740715788
-15.0286980040961
-15.2954786314790
-17.3764321308344
-18.6311014164885
-19.4371258152801
-21.2875943015255
-21.7604568153165
-22.5249033564150
-23.3590228942863
-24.4954031200223
-24.7945598059348
-26.2000793062251
-25.3109085497196
-27.5252591716707
-26.6295502282758
-29.6290304795704
-28.7200359622504
-29.7125168617061
11.9697385088086
11.8702137956488
8.93396038725177
9.56141685047971
9.12676140236109
10.5441174970398
11.0648852808485
8.57956477121409
8.87012900464080
7.57469710352612
4.74966069047915
4.75444999579531
1.93061326131811
2.28411389664595
-1.45177550919448
-2.65875234272171
-8.06015349061003
-10.7212126332818
-15.4467302257183
-21.9867789300518
-26.6817165257791
-30.4487607018331
-36.4855671299887
-42.8131730024527
-47.2525635388671
-50.5866932594372
-54.8856820065496
-54.5554587751887
-56.3410015067261
-52.8000973794807
-53.6617142507388
-49.8048605559247
-48.7316305617690
-45.1411881252891
-42.3361693150108
-38.8409366601812
-35.9929836807631
-34.5208460324043
-33.2639556586310
-30.3138744919075
11.7789509921567
11.4402762819564
12.2311546297145
12.4107600103114
11.3455281166485
13.4211713259148
12.3261077009017
12.6916025186238
13.7730328223294
13.5753085301373
14.0216876470841
15.0013756738841
15.6850937843052
14.6503113673882
15.3619051639072
14.9561894954103
15.5572328932203
15.8724609048226
14.8911600711108
15.8284767869117
13.1226120324683
13.3890419512390
15.8406483915724
14.3536045552617
15.1111882283022
15.0154566936124
18.6189015796471
19.5387365529473
19.5701281609420
21.5341949893771
21.7855324230912
22.8094431348845
23.4815777170211
24.5767301888724
24.9108084437003
28.1629332278134
24.6657949698054
24.3278639173103
25.2827128553304
25.4529555437604
5.21175270352518
6.48347712172455
7.60763743997342
9.72564843571938
11.1222062038433
13.2539689846883
17.0510448992910
19.9872485517338
20.4275338953952
23.0740614837167
30.3758234669517
32.3175173162648
39.7002259114369
53.5560784858376
79.4212280781679
79.3822447459780
68.8676479353855
57.0933876725762
54.3317868518938
-20.1345797905832
-23.9584465100800
-28.8236073801866
-33.5572026392023
-46.4041002366219
-44.7385213440722
-29.8356111149350
-23.9827331950298
-18.1550257220564
-12.7239866711028
-10.3050950056157
-5.93469728789690
-4.73939397156732
-1.22124613573702
0.183195584931419
0.779605917358945
1.23195969163948
1.83654369866237
3.07586318735190
15.1307496443979
15.6904986852037
17.6463122352056
16.9650508559906
19.0462159107710
18.0543178824929
20.2897407280087
19.5786645150065
21.1188617946423
22.8175798235547
22.4065277250258
23.4310124817951
27.0022406108623
27.1656154995491
27.1049841562722
29.8610737373636
30.7540236988460
33.8802900193494
36.8540690684366
36.3645063314029
42.1466190690020
45.4880967806620
46.9248643232748
51.2842047101184
51.9549175142012
52.0893233153374
51.5527967211654
52.4840369327363
51.2168223025641
47.3824457332345
43.2526593902931
37.5746934163621
33.4629948014045
26.9268472700661
23.2660250013647
18.9555229037497
16.3660898881336
12.2425619409028
7.85171063171276
6.08266008390183
8.46681846236829
8.57532784639884
10.1815784211651
9.49616743622687
9.83642884616599
10.3676108902347
9.70016269398705
10.0983095220575
10.2500032761119
10.7501426600356
10.0617845872783
10.9994946864445
9.60725048430960
9.53129458977979
11.2732276542750
9.05412228723257
9.55304003985568
10.4687260798064
9.69317073263276
10.9448054456770
14.3213535395697
13.8043922887708
12.9014494616884
14.3453800975393
12.4235028405196
14.0036066755899
14.4472288031677
13.6626436984170
14.0794371642335
14.9434892514140
13.5087104486889
12.5205124465958
12.5630735064218
12.0248483556253
9.98316349651312
10.6092237803006
12.0140018247853
10.5511177944537
11.0315642774480
9.35387892538066
21.9029747423111
25.8594969491858
28.5368430451354
37.1240116319601
48.9537697815407
46.0110242340585
30.8048478111808
21.9420895063776
16.2932772318173
13.1851476692850
10.1230727795158
7.35591567273259
2.81987821047131
0.913641089665011
-2.88726272026681
-2.27790615077662
-2.49624032364202
-5.27102178631384
-5.43725323994120
-6.64663805658976
-8.89789411105900
-8.80198158535830
-9.36340278831789
-10.4037900673867
-14.6721642424261
-18.2843367364698
-19.2592075075399
-22.2213770895493
-26.4745584647062
-31.6455912896188
-33.5327964004561
-44.1947985109585
-50.7586010457999
-65.0180045908101
-67.9350992496600
-57.1810015809403
-52.7351150255505
-51.3171540748112
10.3156795267198
10.2983719241720
10.4571018845160
9.51290531833965
11.1093637605364
10.8351920863672
12.7860484731851
11.4297876390410
11.5951766533274
10.5419908273256
9.22537399705971
10.1354767525024
9.70302208350118
9.80331608297257
10.7676025600018
9.38687393604963
8.66847386451756
8.65132327836593
8.24709423326156
7.96988943045546
5.40840400288002
5.41961347232461
3.72911908097808
3.30757444916022
-0.112988486421586
-2.10415964455543
-5.37059681792030
-7.97537568319524
-8.85079968139950
-12.1436420644739
-14.3157379442627
-18.9098614034770
-19.5994696696418
-25.1536452994951
-28.2362647331021
-33.6900911993239
-37.8603959415485
-41.1000261021422
-44.8840082285879
-49.3858340014884
17.0211259860705
18.6478802304593
19.6278026784321
22.5195055885660
23.5983450744678
25.3418972669590
26.2205528706063
30.4288514287350
32.3830041115537
34.4126755162588
38.3946251180142
39.7455445349711
44.7390292930476
48.9527121999523
53.9779524166637
58.9298147323705
67.4584812487630
76.3475813670735
89.7847658494975
113.214468813585
2.52233263948524
0.743465787663882
1.52817715574083
0.610686945259801
1.64656520000460
-1.15854679594001
1.12101077053867
0.919370840520277
1.46597423229468
2.37739181169264
2.34625721963951
4.69542879196628
2.27233578165054
2.70496072196496
1.51584652965930
2.75517333630593
2.04980434643774
3.56482402378818
4.52774176751858
4.24784746510936
-17.6731132134182
-19.7152438927473
-17.8382178148574
-18.5738982670621
-21.9492774003006
-24.6593686042212
-24.9641085256851
-29.4484312181693
-31.5519553632245
-32.7916486229273
-37.7694328011108
-41.3179449542319
-42.1556092997988
-49.2316590018530
-58.5766748421358
-64.3298296083635
-69.8349004038393
-79.7383462116454
-113.032993570390
-132.213676926681
-22.0798396281679
-23.7319605685154
-25.4382947908902
-24.6626660611189
-26.7743775992993
-27.5315264733122
-29.5724285022018
-31.5717254747796
-31.1241946447314
-32.6542001248044
-32.6963391227080
-34.3861679296727
-35.3956114208505
-38.4040067525432
-39.7170484971160
-41.0673427728685
-40.1819073769533
-38.6098548723561
-41.2041519630843
-43.0325501021522
114.014203754476
86.9696946899164
71.4281159085836
62.3141423155074
51.7196764798146
45.0515778807086
39.2769861380768
32.0374836357319
26.7886222844197
18.8107177953793
15.8816832441234
12.3422662538285
5.85812941341713
-1.07304818185788
-5.40207679482183
-11.7802402217793
-17.2253580872192
-24.0567266218883
-31.8263624494836
-42.6319037508810
-52.8242410400420
-63.8692969914180
-75.0069911659355
-92.3316770714196
-108.477972159648
-264.963312797310
-133.200389012059
-105.977499714992
-91.1094526500275
-81.3804152882688
-72.3521584653494
-66.5187578819134
-61.5303396477567
-57.5211217105261
-53.0579015164159
-51.7604502360986
-47.4971961194781
-45.1456701216124
21.8525654957113
24.3678685909952
23.9683407414091
26.2664110898144
27.7587528845818
27.7144655852729
29.2650443217234
30.7649783031109
31.1981969849394
32.9805291437639
32.3334191553720
35.8452148406702
34.8505643209316
35.0646440657962
39.2585155113543
38.6964262059587
39.9744781200192
39.7872495275323
39.5930126068690
37.8255214607129
19.3533059976991
19.7003464667888
21.1681800931491
23.2825173726405
23.1185245394652
25.6385277620172
29.5381618415851
31.2341326328815
31.8596417409075
33.7282327578301
38.4516166802089
42.6955454787165
47.3572619333024
51.0512204906669
55.1727092784720
63.0101048185682
69.4539661324467
79.8928124364623
94.4875509836420
117.636276351001
-0.834166129963311
-1.53750606734281
-1.01349913760183
-1.30350954435375
-1.39923021474017
-1.69733098413187
-0.373512887355865
-1.13861078242605
-1.84403084494735
-3.43084673042825
-3.60985426639623
-4.03989641539089
0.351003750873915
-2.26416418879642
-3.51998803029574
-4.89513245934695
-5.24772238588742
-3.69839249551954
-3.37752201491757
-6.18657466132081
-19.4796383598603
-20.3773500727534
-23.6625551776033
-22.3349323336474
-25.2398339174555
-24.7224681616361
-29.0145347322338
-30.4043839174527
-34.3721401681215
-36.5290447756367
-40.0488698499146
-41.8245377187025
-44.6958584956504
-50.9321697618404
-54.9737786084379
-61.9799094805258
-68.8707762866966
-77.5240214591776
-92.4286861836384
-117.357995397077
40.1375997611123
42.8556346959559
45.0944537199537
46.9574197922601
50.8791791335862
55.2621864755727
57.5810077125616
62.1757339493369
65.7054810939637
74.0844298952393
82.6780054159449
97.0240833490164
121.308624350118
122.693701275391
96.6131624519083
77.9815367330302
66.0498978131144
57.6800152832372
48.9434011888240
40.2647981600156
32.6925130453113
23.3489128265814
18.6136089596098
11.4380599781318
4.44145362304143
-1.55645244314350
-5.41095824733664
-13.1532036107658
-19.0230913528229
-22.8872365518682
-26.5256822324664
-34.2389875665877
-40.1226465637531
-48.1540242106278
-53.2130730482209
-63.7633288261550
-74.5113347434493
-91.1347502234015